0.3333333333333333
0.3333333333333333
0.3333333333333333
0.3333333333333333
0.3333333333333333
0.3333333333333333
0.5
0.5
0.5
0.5
0.5
0.5
0.7153244008738269
0.625223363809697
0.7640761314019251
0.6527557294911963
0.3333333333333333
0.3333333333333333
0.3333333333333333
0.3333333333333333
0.3333333333333333
0.3333333333333333
0.131116474081246
0.035708930193974434
0.021967046455210634
0.3047145416363467
0.055207554434146655
0.01977255501405819
0.4905949811148268
0.030893473939740516
0.18359375
0.5
0.5
0.5
0.5
0.5
0.5
0.5
0.5
0.5
0.5
0.5
0.5
0.5
0.5
0.5
0.5
0.5
0.5
0.625
0.6286919531829456
0.7008745720975319
