0.6563510919729183
0.33333333357500217
0.6648588529232778
0.33333333351115646
0.6656133449585401
0.3333333332644322
0.5
0.5
0.5
0.5
0.5000000001272094
0.49999999999583306
0.7080125736373802
0.6439118181922102
0.7454978119097183
0.7042611816709622
0.3333333330556838
0.3167318926423536
0.3333333335794087
0.2622704710344395
0.3333333333333333
0.11880924161471568
0.2475993117653592
0.005681606976163933
0.1905954212954102
0.0028874433547432686
0.11005684300970958
0.001156066228987816
0.2935264428822969
0.22287438649678465
0.2440399124624227
0.5
0.5
0.5
0.5
0.5
0.5
0.5
0.5
0.5
0.5
0.5
0.5
0.5
0.5
0.5
0.028803413278494394
0.5003634677095995
0.3916279370067271
0.866555463724133
0.9984680223218206
0.5664694985703661
