0.5
0.5
0.5
0.5
0.5
0.5
0.5
0.5
0.3608315422695939
0.5
0.6908881049072756
0.6371212424409664
0.795275034909086
0.5437647332765468
0.2118996069620398
0.09296577882359822
0.3333333333333333
0.3333333333333333
0.3333333333333333
0.3333333333333333
0.3333333333333333
0.3333333333333333
0.0011089660870002623
0.0014639956411365413
0.0011109149436539095
0.02694321505096814
0.5
0.5
0.38966783178406983
0.09305213802138383
0.16747774710451085
0.5
0.5
0.5
0.5
0.5
0.5
0.5
0.5
0.5
0.5
0.5
0.5
0.5
0.5
0.5
0.5
0.5
0.5
0.7575013698897516
0.7788194393344733
0.5587748447793194
0.5
0.5
0.5
0.5
