0.5
0.5
0.5
0.5
0.5
0.5
0.5
0.5
0.3739802712661862
0.5
0.6339574557989985
0.5344783274838095
0.7905129098321901
0.5788751948776135
0.03694227186724952
0.002172937805456417
0.3333333333333333
0.3333333333333333
0.3333333333333333
0.3333333333333333
0.3333333333333333
0.3333333333333333
0.0011537409212426023
0.0858320411824084
0.004125335187406973
0.03005258440021264
0.5
0.5
0.23005212285062376
0.0011697397637818558
0.4960980574468396
0.5
0.5
0.5
0.5
0.5
0.5
0.5
0.5
0.5
0.5
0.5
0.5
0.5
0.5
0.5
0.5
0.5
0.5
0.00100853478697656
0.998371136063301
0.653225925166548
0.50047328816989
0.5
0.5
0.5
0.5
