0.3333333333333333
0.3333333333333333
0.3333333333333333
0.3333333333333333
0.3333333333333333
0.3333333333333333
0.3333333333333333
0.3333333333333333
0.3333333333333333
0.3333333333333333
0.3333333333333333
0.3333333333333333
0.3333333333333333
0.3333333333333333
0.3333333333333333
0.3333333333333333
0.3333333333333333
0.3333333333333333
0.5
0.5
0.3333333333333333
0.3333333333333333
0.3333333333333333
0.3333333333333333
0.3333333333333333
0.3333333333333333
0.5
0.12595590492983183
0.5
0.5
0.3333333333333333
0.3333333333333333
0.3333333333333333
0.3333333333333333
0.3333333333333333
0.3333333333333333
0.5
0.5
0.5
0.3287487941264737
0.32428141864963933
0.018653160337226693
0.290444967519095
0.3164906798320365
0.3333333333333333
0.5
0.5
0.5
0.5
0.5
0.5
0.5
0.5
0.5
0.5
0.5
0.5
0.4114583333333333
0.3333333350397445
0.664242180926289
0.3333333325902998
0.3411458333333333
0.3333333294137076
0.5
0.5
0.5
0.0028140563567089173
0.001190847996383333
0.005274145332953421
0.25
0.25
0.25
0.25
0.25
0.25
0.25
0.25
0.25
0.5
0.0783534768904953
0.5
0.3333333333333333
0.3333333333333333
0.049130260384755986
0.3333333329980532
0.3333333333333333
0.3333333333333333
0.5
0.026191155480525224
0.5
0.3333333333333333
0.3333333333333333
0.05484268687819372
0.3333333333333333
0.3333333333333333
0.3333333333333333
0.3333333333333333
0.3333333333333333
0.5063579398554875
0.836938541913617
0.5
0.48682242357994754
0.5120278898477889
0.5937682907903674
0.404641418842578
0.33418220302726487
0.663939268996175
0.5
0.5
0.5
0.5
0.5
0.5
0.5
0.5
0.5
0.5
0.5
0.5
0.5
0.5
0.5
0.5
0.5
0.5
0.5
0.5
0.5
0.0022709729402411727
0.5400391736568234
0.9868015706764091
0.5498560479907719
