0.44113837769776154
0.3325584539022515
0.715544315415365
0.28301636422165144
0.6794487799833128
0.31890064611295976
0.9021179233392679
0.9431575027481824
0.5
0.5015403818450778
0.5054198965639933
0.5235505404907047
0.7427511547582373
0.565505380478078
0.6113513338471307
0.9986871064352563
0.3333342591846805
0.31569866196539054
0.34353493509387856
0.16034637535363963
0.3372391306807329
0.11820842859424567
0.273407451812178
0.06793120119630124
0.14013929235577927
0.019884898069637176
0.012045262462713554
0.09267764656830554
0.5311246000956894
0.25510786673519165
0.5179648520414163
0.5
0.5
0.5
0.5
0.5
0.5
0.5
0.5
0.5
0.5
0.5
0.5
0.48566748367721285
0.49944850280652814
0.49935924627995315
0.3660483527414493
0.47869829186562307
0.4897323494465756
0.5567279568728275
0.5587862903129038
0.5842713416339798
