0.4061785404038998
0.32289737875587754
0.6715154651436394
0.32726213040229585
0.7183137788406807
0.2788732249760673
0.5
0.5
0.503871608968411
0.5166445724031453
0.7901665553758643
0.5131928300815068
0.3334987488884362
0.3153487371092085
0.3358863938202809
0.06657558124415286
0.34529871553434477
0.3077245285797807
0.5697411174303505
0.4239359184511964
0.4090542633486332
0.47631704572586836
0.5
0.5
0.5
0.5
0.5
0.5
0.5
0.5
0.5
0.5
0.5
0.5
0.46047048105934857
0.498356719659975
0.49854935999441263
0.024223829824902884
0.47808546315329853
0.4809951761415452
0.9305173150909097
0.5539245448165244
0.5429231971012415
