0.6113194252756629
0.3266110962249579
0.7273361819058267
0.27153343008460923
0.6782088331052245
0.3195951129017674
0.5015087586755077
0.5430953748882348
0.5
0.5
0.5030641331733097
0.5238126581626018
0.6208706742425792
0.5549921394363625
0.7382099513544839
0.6055716510785439
0.3362800769549216
0.3328999181071318
0.38651484757013316
0.16545270316267566
0.3857707281392864
0.10904760355335588
0.29576707544095576
0.2045410757339444
0.2182239928545158
0.32757448798310557
0.13558088735767096
0.20268744510875775
0.3281614529155453
0.3633076147284125
0.4995707283274813
0.5
0.5
0.5
0.5
0.5
0.5
0.5
0.5
0.5
0.5
0.5
0.5
0.4945457029867008
0.4991431898679536
0.49356585844744066
0.3819945119426679
0.46249022853638533
0.4554998765580364
0.6149859553111903
0.6162907315933119
0.5059144739429394
