5.267872054415734251e-01
3.247337244075903517e-01
6.886208935562365685e-01
3.089277437529804882e-01
6.703637576807592868e-01
3.146222674100506156e-01
7.893824018573065704e-01
6.854301194648859674e-01
5.002543486045932797e-01
5.004513541371508056e-01
5.027839597943672967e-01
5.295212067834039749e-01
7.073517523482634184e-01
5.514502332772220905e-01
7.102262245209863822e-01
6.944566658289158534e-01
3.385236888915781339e-01
3.142714504055869051e-01
3.756642481568471248e-01
1.289528319259244105e-01
3.894456098140290368e-01
2.006922407944281284e-01
2.116192088679246519e-01
1.573981532139785977e-01
1.941023579592325021e-01
1.535535074742542805e-01
1.505283936363674413e-01
1.394479164505042224e-01
3.900905824397919996e-01
4.161487392965280141e-01
4.329765981004277120e-01
5.000000000000000000e-01
5.000000000000000000e-01
5.000000000000000000e-01
5.000000000000000000e-01
5.000000000000000000e-01
5.000000000000000000e-01
5.000000000000000000e-01
5.000000000000000000e-01
5.000000000000000000e-01
5.000000000000000000e-01
5.000000000000000000e-01
5.000000000000000000e-01
4.878047317010626438e-01
4.993007013552353546e-01
4.966584135004804557e-01
1.763500847504141933e-01
4.723572474248010633e-01
4.749944650387656897e-01
6.198349976047199394e-01
6.217245640577735433e-01
5.347897007692823390e-01
