0.8219170003393423
0.5315004559942008
0.5535062346853105
0.734900190196732
0.5
0.5
0.5
0.5
0.4875933969573699
0.49803209928269626
0.7487171078352242
0.5730041936857553
0.8041560380236641
0.4712488864303384
0.2794491227795674
0.23221819309026936
0.33304021579465864
0.32930010029527795
0.33209636331889325
0.3185106947643158
0.3365404183203533
0.3036969140164746
0.0822110085324456
0.4402186614877339
0.33570260605730984
0.008747798715995715
0.6138097196494076
0.9610220354251219
0.20584282663945686
0.14837421752216323
0.47145490231010023
0.5
0.5
0.5
0.5
0.5
0.5
0.5
0.5
0.5
0.5
0.5
0.5
0.356520251547614
0.4996613270158604
0.4237056491903453
0.017550099499352215
0.4781728954966437
0.002842549721159587
0.16711706553190675
0.514918408406914
0.6426240622538867
0.569305589733614
0.49739169488203844
0.27437989893153925
0.5060590788778708
0.49202785290456685
