0.9980256127758951
0.6133052278754089
0.5676297060764921
0.8724047850611908
0.5
0.5
0.5
0.5
0.49380173066023875
0.4994060522998099
0.6444043010135444
0.917092989237331
0.011242218822365369
0.5209632566364655
0.17632207789700596
0.28124527730671545
0.3307523093100432
0.32596432257688174
0.3046898133444548
0.1173603377753588
0.29126678942019363
0.29868602775725256
0.25955215334998916
0.0117449218813723
0.3194431636016147
0.07211960209981022
0.6421519118711833
0.9827135206260916
0.23365188860011682
0.30859379940498155
0.4890337881307257
0.5
0.5
0.5
0.5
0.5
0.5
0.5
0.5
0.5
0.5
0.5
0.5
0.11013456245687198
0.42333867826891014
0.47539188115579734
0.04602840771491667
0.19278372617219316
0.00173996992411824
0.4862785843938244
0.9989719474570419
0.9982760733433895
0.8017957977654572
0.479707861567816
0.09240583673246763
0.36280964694379636
0.3217133504641578
