0.507695248260176
0.5078236437047148
0.5615381628991374
0.5200725189084884
0.5
0.5
0.5
0.5
0.4978969924255104
0.4999165993725579
0.5035776053165649
0.48900239379218174
0.5752414440304299
0.9989057193620109
0.33202257776586624
0.3201613083402457
0.3324391334633105
0.3310920425533912
0.32843184474937426
0.25308640199424287
0.3312514579170327
0.2634419450479826
0.29511079077664354
0.28996282339914387
0.17270783765136302
0.10445850757444819
0.6877402872450094
0.9985117195938583
0.5487491903733487
0.41672551984715867
0.45205970552887603
0.5
0.5
0.5
0.5
0.5
0.5
0.5
0.5
0.5
0.5
0.5
0.5
0.4868697319906122
0.49227712520396605
0.49270898382799483
0.08382990296343243
0.40873961939195325
0.0482661771141673
0.4931299216476871
0.6479499671985021
0.586157707500684
0.5591765853616546
0.5300587985715955
0.5041625735397528
0.4977567858056864
0.467562568043869
