0.5902400236701095
0.3304469723799113
0.6652095794520599
0.3333333333333333
0.7072287681682551
0.2901736180917892
0.5
0.5
0.5014204841369257
0.5110406006915452
0.6148577845106578
0.9857693765018342
0.3335620685735235
0.2603978589400569
0.33800313149956984
0.21052076568222888
0.338954611596133
0.1640807045653128
0.5427408596835951
0.3634306888218177
0.34079588305483
0.47739921479243635
0.5
0.5
0.5
0.5
0.5
0.5
0.5
0.5
0.5
0.5
0.5
0.5
0.4971768190429138
0.49966544330073503
0.4904911700443266
0.028559343028705823
0.4139997445341132
0.4871468753500024
0.3971196597877445
0.6841122402017946
0.7190204048134343
