0.672423760924123
0.32559280703901666
0.6823295739077253
0.3166205619214411
0.8527816548360817
0.1431581450535899
0.5
0.5
0.5723192712133773
0.6308328022739584
0.7811145581710505
0.5127232297748636
0.3374417248779309
0.33090806880561674
0.3765957563520185
0.04383844582046672
0.3957302741001071
0.22977626709239432
0.6610254946676923
0.42374461146147957
0.4646573945681541
0.5070766994109625
0.5
0.5
0.5
0.5
0.5
0.5
0.5
0.5
0.5
0.5
0.5
0.5
0.2485247517305354
0.47791022062910804
0.4058407451933155
0.03947715587619925
0.4510160531596389
0.32163414146153596
0.4832115575345296
0.6346908486692787
0.5240434495086282
