0.530587432838607
0.3164850768954378
0.673956211202629
0.3247491229251022
0.6806610253973591
0.3155100316453336
0.9176819051223075
0.7794113153687277
0.5
0.5
0.5052877799743362
0.5532497420462043
0.7388933556332162
0.5940504792267322
0.8473177461570596
0.3226069880684643
0.336636630798502
0.3042989324037957
0.3698898517976584
0.018044055695042388
0.3706322674470218
0.29048890139102335
0.0970636791820518
0.25525535428797125
0.24669708387534628
0.11411010099966216
0.04330355207532992
0.23611057046815118
0.0779552799638961
0.45970983587494496
0.45057418541053695
0.5
0.5
0.5
0.5
0.5
0.5
0.5
0.5
0.5
0.5
0.5
0.5
0.48383519554678994
0.49925073166292794
0.4970499951119076
0.023983780600007904
0.47333571052360934
0.4836170812507406
0.5126705040904992
0.6903278581278482
0.5346259891946328
