0.40714893728772833
0.2608663094718934
0.6741513828983379
0.3244739794749927
0.711023241589153
0.28745675752967115
0.5
0.5
0.5005078089184299
0.7097279676700348
0.7868887498576298
0.4826492870551692
0.335075691009885
0.30510830771987013
0.3957361854510941
0.2733609595002153
0.33610272850944106
0.04340176385594114
0.7295460591122618
0.0511726378830297
0.4986533941678754
0.33826971345686135
0.5
0.5
0.5
0.5
0.5
0.5
0.5
0.5
0.5
0.5
0.5
0.5
0.4598349265656678
0.4976360788304245
0.4942501631906414
0.04430424921602471
0.4507141636994714
0.4696617541041105
0.552570864125179
0.6637628015999488
0.5190379576425068
