0.7722029744954864
0.22150888228600205
0.9072070487108695
0.09130981173481428
0.6658873906524039
0.3329943934745858
0.5
0.5
0.5025771104842209
0.5235936847652807
0.7802569003030075
0.5015956059536558
0.33339976403740745
0.2848586633055835
0.3460214082727147
0.26017680694792183
0.3467344366584349
0.0964394241257429
0.5194795856000802
0.0011383170045457872
0.43354503222878066
0.4671737842711266
0.5
0.5
0.5
0.5
0.5
0.5
0.5
0.5
0.5
0.5
0.5
0.5
0.44006803927684884
0.4920692653668611
0.4679572487689137
0.07616668628839669
0.10307388838722469
0.3347601703069734
0.6024061594214597
0.6238152012386791
0.5162981948334499
