0.6068193268219927
0.22169584502032574
0.7096295788353171
0.2890432257229136
0.6678343470062648
0.3305676596642337
0.5
0.5
0.5056359267166141
0.5260839334600806
0.7312468030071851
0.7098229451763599
0.3334903064901812
0.10248744706685962
0.3552568375684337
0.04504362592308551
0.3342725943209338
0.330535905203538
0.9668078410608315
0.46008528975669877
0.41705238396988153
0.47283848830673375
0.5
0.5
0.5
0.5
0.5
0.5
0.5
0.5
0.5
0.5
0.5
0.5
0.4957132623841185
0.4827123748614923
0.4971239483678169
0.019990876554092835
0.49498215505914583
0.4876633999844432
0.7743156821955076
0.6278563714106034
0.5245126815982969
