0.4178179911026787
0.33004580674424283
0.6688485904839522
0.3301038864158624
0.6823031709941297
0.316426937924637
0.922576948220541
0.7402572282801174
0.5005270271112569
0.5012732762263419
0.5000310805876399
0.5163707175703085
0.66545046055035
0.6191064352751675
0.6728585552218456
0.818562643236848
0.3353429477069421
0.3184457712927722
0.353073604525738
0.10312655575840252
0.39099122623401666
0.3199483164856168
0.26629057499335806
0.14689147304875194
0.0855920298013033
0.2814439021779651
0.11064423261523856
0.15741008296794215
0.45188368428027875
0.49537961922102824
0.4933587628736709
0.5
0.5
0.5
0.5
0.5
0.5
0.5
0.5
0.5
0.5
0.5
0.5
0.48654858564790493
0.4994457452413297
0.49845213203040784
0.03186838580352288
0.42885883948193493
0.445043604743715
0.6891547141445032
0.47475688473947525
0.5183518471262646
