0.9328830179799956
0.5015628719077545
0.7458814829554051
0.5242053029740622
0.5
0.5
0.5
0.5
0.4976241609066674
0.4995335213559471
0.5120581007099471
0.4688773701775045
0.6387917822564896
0.9972636451692578
0.32436771292644767
0.31146636672914063
0.33177938110230215
0.3169853881967824
0.33216621545676683
0.3012409663734583
0.3016475809234494
0.3107364276372964
0.24346572497021876
0.2681708784021753
0.21492430272802474
0.06885205559474002
0.7089933691135512
0.9262723510671776
0.19600268050282166
0.40751771798394837
0.14294860802080417
0.5
0.5
0.5
0.5
0.5
0.5
0.5
0.5
0.5
0.5
0.5
0.5
0.4439306539811515
0.4783931725826727
0.3822311063313749
0.04994710905725552
0.02416431924317334
0.0023265346331893255
0.4746512611546864
0.5155960842877221
0.5024744836583478
0.5504130997010005
0.647657841812326
0.49572710546544435
0.48902410280741976
0.4607935250396144
