0.5422393123850459
0.22569043077392809
0.6909696769005422
0.3073934669487721
0.8711368019881057
0.0668482840544489
0.5
0.5
0.5064022768171785
0.5828984673513226
0.7010008153373772
0.6975759528627324
0.34974335947945995
0.30856844102592873
0.3672119748982389
0.2536433809564524
0.40291684586789783
0.02386772088793726
0.7371225349153716
0.2631989135985152
0.47660579357188854
0.1302951497204849
0.5
0.5
0.5
0.5
0.5
0.5
0.5
0.5
0.5
0.5
0.5
0.5
0.49527897063511483
0.49863738400662144
0.4723414805516053
0.08241311840178568
0.24181377945031374
0.1738654889140346
0.7840985284991135
0.452615856227986
0.6171996842017821
