0.4650981787748401
0.32731787219371483
0.7340475261902034
0.2644048385515487
0.7502979230903618
0.24853883828929166
0.5
0.5
0.5009321343346517
0.5711553488650516
0.7328814261151393
0.6486637018647383
0.35187157828850524
0.313240868475734
0.34278131605811407
0.18416917072529743
0.3871959387016694
0.13549974790001157
0.9385642231454275
0.2804928341329309
0.3947765879453971
0.07685367032755026
0.5
0.5
0.5
0.5
0.5
0.5
0.5
0.5
0.5
0.5
0.5
0.5
0.2580121118384322
0.48900719196172004
0.48498409641919665
0.0893344348451773
0.1313246928930026
0.17513461723806942
0.5888545715113074
0.5451983714865376
0.6355266803432755
