9.574830013984436672e-01
9.986253309948824874e-01
5.000000000000000000e-01
4.999999999998749334e-01
7.509307989751483614e-01
5.829369147344922730e-01
5.810028855919580071e-01
6.409856068297179466e-01
3.428578691802777745e-01
3.766390288664918096e-01
4.012602917638976585e-01
5.005286664169986688e-01
5.008746225800095875e-01
5.149415773241329264e-01
5.000000000000000000e-01
5.000000000000000000e-01
5.000000000000000000e-01
5.000000000000000000e-01
5.000000000000000000e-01
5.000000000000000000e-01
5.000000000000000000e-01
5.000000000000000000e-01
5.000000000000000000e-01
4.503245917966407497e-01
4.958762794315978439e-01
4.809436057252615693e-01
9.766731339616842311e-02
4.081958927268048432e-01
4.046635497923917191e-01
6.146083621463658275e-01
5.992268767909620930e-01
5.560208409396076856e-01
