0.9839996867110902
0.6349959303673723
0.5613745338613045
0.6745011283426515
0.5
0.5
0.5
0.5
0.489778639538039
0.49945114704005633
0.6510355640877564
0.7036416924242754
0.7902057966376244
0.4959474052409692
0.2868987462419819
0.16897365540970447
0.3326796845523708
0.327298431257943
0.32583711756281736
0.30276176543175326
0.3287962665234416
0.29924943790380315
0.16571157227590066
0.30993306650007785
0.30278197289521386
0.08772388108123257
0.8051122970515898
0.9985226824576137
0.025979370988086583
0.37792676981286805
0.4389521635742465
0.5
0.5
0.5
0.5
0.5
0.5
0.5
0.5
0.5
0.5
0.5
0.5
0.4969984328249369
0.4896668987142837
0.3929954076696008
0.19492937333132226
0.0020037574774888997
0.04133221203550094
0.04033565292642326
0.5389197402879504
0.6487355696517225
0.546791645092992
0.29394351824815484
0.4352045886655149
0.36838448781775307
0.4988962707131097
