8.748287768535508713e-01
5.474758382295733528e-01
5.865364614406534116e-01
6.825567448932556847e-01
5.000000000000000000e-01
5.000000000000000000e-01
5.000000000000000000e-01
5.000000000000000000e-01
4.952962923941227613e-01
4.991991159279179913e-01
6.114301405345134999e-01
6.026641186081859169e-01
6.043505965933257951e-01
7.456063771138283780e-01
2.823548466557794234e-01
2.730524387733250236e-01
3.309383648623994700e-01
3.250468130035105152e-01
3.220832172449650810e-01
2.616090015247296563e-01
3.152271844773949505e-01
3.067406381663064230e-01
2.031604778516074572e-01
2.119736604981995731e-01
2.078949056808090945e-01
1.462080498894107183e-01
6.627275384917271639e-01
9.061936175161452445e-01
2.715312164762434533e-01
3.238266267247275065e-01
3.857804550564538082e-01
5.000000000000000000e-01
5.000000000000000000e-01
5.000000000000000000e-01
5.000000000000000000e-01
5.000000000000000000e-01
5.000000000000000000e-01
5.000000000000000000e-01
5.000000000000000000e-01
5.000000000000000000e-01
5.000000000000000000e-01
5.000000000000000000e-01
5.000000000000000000e-01
3.759246229170202791e-01
4.844514909442473316e-01
4.484681112714440365e-01
7.363924332716256793e-02
2.426033941548834394e-01
1.040980409071547499e-02
3.762881064662257913e-01
6.284614544877837883e-01
6.652299252163088594e-01
5.965837789224035514e-01
4.712143449282553687e-01
4.130337950426782312e-01
4.639518765351263729e-01
4.730985171850566329e-01
