0.6238933369111501
0.33249938201477436
0.6854392745478927
0.3128521697864626
0.6664085928485755
0.33208428239856946
0.4746364483678355
0.4777185083218974
0.5
0.500910418731687
0.505659025129194
0.506394086352867
0.6058755134831018
0.5150731017141147
0.7396929520248129
0.6107871691775913
0.34552136866897964
0.30719409379720103
0.3492733908155879
0.20872083520639895
0.3405344979717539
0.14718294848995003
0.393401059616173
0.07069088060935563
0.28149790850590045
0.13258031212669052
0.2988751931864435
0.1489745052947531
0.4802430241885571
0.47774877761396467
0.17529784671715254
0.5
0.5
0.5
0.5
0.5
0.5
0.5
0.5
0.5
0.5
0.5
0.5
0.49702334334843196
0.4999863843568109
0.4988384029580571
0.23242237759666823
0.49638949231085794
0.492094495840488
0.4894327397134114
0.7189964040251217
0.5386349770863391
