0.5770883158977905
0.31568824698330505
0.6660137531264122
0.3325495368092788
0.7159813955838239
0.28279079361462883
0.927351526779295
0.6847361891542854
0.5
0.5
0.5032856563804616
0.5357022550349525
0.7505859319999446
0.5700329319282655
0.6523738055336996
0.8906219415511728
0.3375094045621632
0.3130282758911797
0.41505181854969025
0.01650306399118683
0.35782903475469985
0.25638207530824253
0.22440861055058317
0.021917157950778622
0.10476336573117846
0.013564955309674841
0.28567955067219214
0.06654071303451448
0.5002426899691239
0.5266824319878639
0.4390685779443967
0.5
0.5
0.5
0.5
0.5
0.5
0.5
0.5
0.5
0.5
0.5
0.5
0.4965129685449302
0.4987107679453745
0.49962680683650285
0.2291694408026669
0.4611566395718715
0.4624868200206987
0.5506188843637578
0.5773302289581562
0.5303959672736096
