0.41727084412492665
0.31220605791861566
0.6915267841697236
0.3073151703402505
0.6798482570673102
0.31597672129155013
0.9208439179113077
0.7416271341887878
0.5
0.5007894645684016
0.5013329399141959
0.5243824484961301
0.7758954816564002
0.5307182560223054
0.768907650458867
0.5050675824101107
0.3366363991173905
0.3108908238520707
0.3849108619912404
0.14612867963188858
0.38793073488334995
0.12441698576004193
0.21629708662998778
0.25264372834539783
0.25286626375240207
0.02236371974856765
0.21844273825098445
0.001692350175687311
0.3004005255578997
0.4232084609064822
0.36642668413951246
0.5
0.5
0.5
0.5
0.5
0.5
0.5
0.5
0.5
0.5
0.5
0.5
0.4939894912299158
0.4993310702734516
0.49212986030769745
0.16485470071276995
0.45125378524831705
0.4869207489557693
0.7924847641932533
0.5290866625509585
0.4366158707662682
