0.4257386073876169
0.32477244106203795
0.6884015463911137
0.30290031656494887
0.5400458232828781
0.3289447217499327
0.913351801654714
0.8313917656457999
0.5
0.5
0.5014013697437842
0.5389245518755036
0.7943814562559028
0.4466233445946187
0.7855316296398023
0.4809730091918891
0.3384087116000825
0.32016098582786634
0.37882576391735207
0.23405269123969535
0.3935498904025824
0.04430864614999447
0.13552381134104546
0.16017227747726343
0.20872092735039696
0.28360780771982297
0.17936500458734328
0.009537410374558077
0.5159353000161262
0.5389904694357209
0.43370540720717504
0.5
0.5
0.5
0.5
0.5
0.5
0.5
0.5
0.5
0.5
0.5
0.5
0.4570658441646366
0.499764029161805
0.49658082249098284
0.02026112574927649
0.5029214245743889
0.46999521922117443
0.5103491338314293
0.7440410333285656
0.565238451245471
