0.9838708031742213
0.5387867560035952
0.5206064683245729
0.6843037885446167
0.5
0.5
0.5
0.5
0.49451605747775346
0.49981417781321547
0.5240682187277198
0.657387724355276
0.5770596424387747
0.9984045384000566
0.2783292231541186
0.32447517076066534
0.33091456918346285
0.3271371941293492
0.3255037565529167
0.3303377760700696
0.2906987486366305
0.3165888711837564
0.332015620518146
0.025568728812070077
0.16945751683718263
0.3300290279099055
0.5001881301676545
0.7287993725297487
0.05457697100827345
0.32689041857903534
0.4979697759819551
0.5
0.5
0.5
0.5
0.5
0.5
0.5
0.5
0.5
0.5
0.5
0.5
0.28781046580958086
0.48225140205326106
0.48718962295837714
0.074627110063368
0.367936516830335
0.002216811006090143
0.45172937888724496
0.5743475034680988
0.6008534957718651
0.8312509755160756
0.2747186671475925
0.4562158645503749
0.49802048552618583
0.5224884391809477
