0.6874848557881732
0.31095978394058993
0.718201422226268
0.28062863318502174
0.6673294960737316
0.3311353107432753
0.5
0.5
0.5276376964424355
0.845709454944699
0.7630325869091659
0.5546485697292106
0.33400132705111685
0.15633399442744944
0.368297628898652
0.33197084970960317
0.34213877989877106
0.018716691562487467
0.8300322313481466
0.5130720529802453
0.4559994122389415
0.3722119218381008
0.5
0.5
0.5
0.5
0.5
0.5
0.5
0.5
0.5
0.5
0.5
0.5
0.4942485234033653
0.4990919078468506
0.4915271379159038
0.0254420586876522
0.4449753072102985
0.4927289459697418
0.4949064729506989
0.7213335193860276
0.5137005409920028
