0.8697592381528388
0.5047974563506674
0.5620964899210507
0.7012117792103856
0.5
0.5
0.5
0.5
0.4998600110375048
0.49906295606261286
0.5000320650386542
0.502653121890784
0.5
0.960950816426668
0.3223175721923339
0.2718207887924337
0.33169148870773163
0.3252077708260747
0.330610123451593
0.33164692765396825
0.3280634845991902
0.28354710631779234
0.08871407851589781
0.2610670080350644
0.2678442466850766
0.13394590026611636
0.5153930310709888
0.73903570095898
0.358984992245486
0.0443596703924793
0.2678037902062511
0.5
0.5
0.5
0.5
0.5
0.5
0.5
0.5
0.5
0.5
0.5
0.5
0.2743135860055154
0.48545546896915126
0.4979343894397688
0.1530826814464518
0.05465982077032302
0.001220686226870357
0.4991741346340826
0.2879008176648741
0.5
0.5439226327688272
0.6434565581731044
0.4959031726205781
0.46529368116912845
0.4979764802132669
