0.7917578368534453
0.5286156848976264
0.7817801400510546
0.5197442503069644
0.5
0.5
0.5
0.5
0.4992417958417374
0.4990181293171867
0.7568403302190809
0.5104403187310745
0.7245652812858868
0.77674328405632
0.18746691145986594
0.24717452278158297
0.3271100580290623
0.3073706689699824
0.30085003892582773
0.16009648641235857
0.3033853656064368
0.3101056814057474
0.14896103514037304
0.04343964616563932
0.23480909372454867
0.2505078619498996
0.9966452646739569
0.8007253702698212
0.5259256629474569
0.46332620956940057
0.4439135671610242
0.5
0.5
0.5
0.5
0.5
0.5
0.5
0.5
0.5
0.5
0.5
0.5
0.39837118194131227
0.4973774148766199
0.354254158154422
0.03829098737040987
0.49923081301009836
0.0011932125446438094
0.4753455710881987
0.689217905307388
0.678340458778099
0.5630166295114539
0.5019214059084995
0.49617828567175193
0.47477996403456973
0.41856934845126453
