0.9129893007894361
0.5705993052665853
0.5056068683384223
0.8921786256268519
0.5
0.5
0.5
0.5
0.49637151723592554
0.4994461672751959
0.6341989759508192
0.5890919386522545
0.5815667020306263
0.9767333329873169
0.31682065268077836
0.2604113049860148
0.3289091220917589
0.33127942189090887
0.32749083867188616
0.27874062468971983
0.32459318554194927
0.3486302161846694
0.0815620081933506
0.13742208213338658
0.023776700716243562
0.21872028313565695
0.6221170888357803
0.9475382569827808
0.15023689793519424
0.46145651852818453
0.19638996577439108
0.5
0.5
0.5
0.5
0.5
0.5
0.5
0.5
0.5
0.5
0.5
0.5
0.4214696551497821
0.49647071846463825
0.4814611626601886
0.04539751491463619
0.030401386754658075
0.0016694232084903601
0.30452472948500453
0.745812712403494
0.5181472014319252
0.574649056188716
0.4947420637301144
0.48153031385011513
0.4776242826813249
0.5531397610519688
