0.654394198965994
0.3269427018489419
0.6845829783554237
0.311354088068765
0.6650052202938516
0.33328991197544366
0.8965706002352782
0.9980347950393951
0.5011699113341378
0.5
0.5011912716455283
0.5490708707062395
0.7938532237057129
0.4773270775912419
0.5408464619374722
0.9898195633317485
0.343079217102995
0.32095613540368695
0.4236575097515969
0.22855540758219373
0.509765722640983
0.3311415461850005
0.08437507438563957
0.0012803040231893822
0.2712835347891246
0.007117500967518307
0.1152838596817228
0.22063678446077967
0.21719505458556085
0.31332360449414354
0.47422628143787615
0.5
0.5
0.5
0.5
0.5
0.5
0.5
0.5
0.5
0.5
0.5
0.5
0.48775580196550916
0.49807269981415014
0.492745915266145
0.09992072444032767
0.498533831612615
0.4699921771841464
0.7252259038504749
0.6613195139528136
0.5384798492962076
