5.577118593373061595e-01
2.815256878270426810e-01
7.418348971200477981e-01
2.567759121273534006e-01
7.333155400610331665e-01
2.587228757580655181e-01
5.000000000000000000e-01
5.000000000000000000e-01
5.140124945816435531e-01
5.929068526723197952e-01
7.443125263777409240e-01
6.136954173560741355e-01
3.382725032203345861e-01
2.570646685021232836e-01
3.600490330615858103e-01
1.894821288330953701e-01
3.622293970247522643e-01
1.416609411898993032e-01
7.014950846087393277e-01
3.167500537153145057e-01
4.401355468704881702e-01
3.827909405603992510e-01
5.000000000000000000e-01
5.000000000000000000e-01
5.000000000000000000e-01
5.000000000000000000e-01
5.000000000000000000e-01
5.000000000000000000e-01
5.000000000000000000e-01
5.000000000000000000e-01
5.000000000000000000e-01
5.000000000000000000e-01
5.000000000000000000e-01
5.000000000000000000e-01
4.278317258970482095e-01
4.927080370957808708e-01
4.755470037185551280e-01
5.403479686287716854e-02
3.587826401455337932e-01
3.882971422834891606e-01
6.222963206397018610e-01
6.167845793815616151e-01
5.627398197804939217e-01
