0.5686235242135467
0.32952798048133847
0.6845592999640274
0.3129033523128744
0.7157264782511265
0.28270351448568354
0.5171841882670115
0.11487138101343242
0.5008465476005373
0.5
0.5011664448312299
0.5237541970985272
0.584960271197189
0.6410731865053345
0.7451721590346909
0.7218690038075339
0.34248787321912433
0.2991409055147745
0.3519098975555954
0.00859795163812081
0.4202128649858637
0.2657969560268102
0.12965766472727394
0.3926580794668325
0.13123918057637804
0.33328738963989835
0.10606365547403553
0.2582116560515929
0.4977642128252426
0.30802871196752735
0.47957265490505807
0.5
0.5
0.5
0.5
0.5
0.5
0.5
0.5
0.5
0.5
0.5
0.5
0.4951028998985945
0.49985389242202244
0.49823509527571036
0.2129774471147844
0.46993423052240757
0.4945622771663116
0.756699419675854
0.6463100329885797
0.5953682401271104
