0.9453900234990681
0.5427710499278068
0.5053445272937827
0.7020450797606129
0.5
0.5
0.5
0.5
0.4962786218604817
0.4983103094599001
0.6393691364458233
0.615449443135422
0.8406770604073958
0.25890288642888165
0.319553869459828
0.31257779953647774
0.3300676863892934
0.3288327893385143
0.3131560604151207
0.2223080340820512
0.31602854728527213
0.33272375420828976
0.33430078624310966
0.33220878816533217
0.0375016159115134
0.1869755805663021
0.5351242852381504
0.9787951652502577
0.41536168352219377
0.2830954256070556
0.4572782838761645
0.5
0.5
0.5
0.5
0.5
0.5
0.5
0.5
0.5
0.5
0.5
0.5
0.4828277074628255
0.4996227032931096
0.4968087513265708
0.03270924691048075
0.3679410864019678
0.001290464492924676
0.37059476491319904
0.7709794583958524
0.9766901997731682
0.4255157775842446
0.34854503924131164
0.3986303103992437
0.49976624968752825
0.4978175757878005
