0.42728268282166226
0.2682805964091673
0.9650877169355156
0.03328913999840029
0.7213219983652914
0.27748252570370185
0.5
0.5
0.5188206277841915
0.5113816942980794
0.7616790841903313
0.53031267456067
0.34064046350689975
0.19339429814492526
0.3746996977967421
0.2255217018215293
0.3929490450597894
0.06656665812584715
0.5198908991236348
0.3872292730626859
0.5102153236104997
0.5094737177538685
0.5
0.5
0.5
0.5
0.5
0.5
0.5
0.5
0.5
0.5
0.5
0.5
0.4289893730341368
0.4919937844940201
0.45240468673941825
0.11043621590583425
0.37784115390883094
0.4593808533644344
0.6149623952805683
0.6605360387782347
0.5151354067703214
