0.5
0.5
0.5
0.5
0.5
0.5
0.5
0.5
0.46460328804967277
0.5
0.6109500300073122
0.9169840030700153
0.657477970070574
0.9985388622078787
0.0014802874163365866
0.00560517862639478
0.3333333333333333
0.3333333333333333
0.3333333333333333
0.3333333333333333
0.3333333333333333
0.3333333333333333
0.2838406636290842
0.001541328667129404
0.0011850871830915903
0.002345580882918032
0.5
0.5
0.47430761697225093
0.08910157283883924
0.003043472676297553
0.5
0.5
0.5
0.5
0.5
0.5
0.5
0.5
0.5
0.5
0.5
0.5
0.5
0.5
0.5
0.5
0.5
0.5
0.001835331368903355
0.9860275677351196
0.5488661665651012
0.838975191952139
0.21539736430326395
0.46065617815664106
0.5
0.5
