0.5
0.5
0.5
0.5
0.5
0.5
0.5
0.5
0.04769900480884975
0.5
0.7161162837618074
0.6404229146128115
0.7474768566653212
0.7020339370664762
0.15338467647455312
0.04104206153525672
0.3333333333333333
0.3333333333333333
0.3333333333333333
0.3333333333333333
0.3333333333333333
0.3333333333333333
0.233548310864738
0.020904331116218155
0.0016134684757300021
0.01839807551572571
0.5
0.5
0.2957483384037016
0.02573413624614511
0.37467322831994343
0.5
0.5
0.5
0.5
0.5
0.5
0.5
0.5
0.5
0.5
0.5
0.5
0.5
0.5
0.5
0.5
0.5
0.5
0.7256331342348091
0.6003811034043007
0.9973978227278573
0.49171087090473414
0.44189606167492457
0.49983962372996366
0.4668463694041316
