0.3333333333333333
0.3333333333333333
0.3333333333333333
0.3333333333333333
0.3333333333333333
0.3333333333333333
0.3333333333333333
0.3333333333333333
0.3333333333333333
0.3333333333333333
0.3333333333333333
0.3333333333333333
0.3333333333333333
0.3333333333333333
0.3333333333333333
0.3333333333333333
0.3333333333333333
0.3333333333333333
0.5
0.5
0.3333333333333333
0.3333333333333333
0.3333333333333333
0.3333333333333333
0.3333333333333333
0.3333333333333333
0.49817970628583963
0.1294888677522379
0.5
0.5
0.17633139891103944
0.3255811624210841
0.3333333333333333
0.3333333333333333
0.09825297740743703
0.1014686964252257
0.5
0.5
0.5
0.3333333333333333
0.3333333333333333
0.3188391961468675
0.3333333333333333
0.21544333606332539
0.21076074886303567
0.5
0.5
0.5
0.5
0.5
0.5
0.5
0.5
0.5
0.5
0.5
0.5
0.4234482873752303
0.3333333333333333
0.34482839296907597
0.3333333365582848
0.4309950542302699
0.3333333333333333
0.5
0.5
0.5
0.001619374379906252
0.00295284343481826
0.00286223053481715
0.25
0.25
0.25
0.25
0.25
0.25
0.25
0.25
0.25
0.5
0.0014065444346294503
0.5
0.3333333333333333
0.3333333333333333
0.017458244487882166
0.33333333333677595
0.3333333333333333
0.3333333333333333
0.5
0.05190658700964251
0.5
0.3333333333333333
0.3333333333333333
0.26750277227663216
0.3333333333333333
0.3333333333333333
0.3333333333333333
0.3333333333333333
0.3333333333333333
0.5221144529340324
0.5663214835265997
0.7554505901519051
0.6400807653350497
0.35834505098952724
0.3977423996506258
0.6007270934024831
0.33357221877422577
0.6305771672760038
0.5
0.5
0.5
0.5
0.5
0.5
0.5
0.5
0.5
0.5
0.5
0.5
0.5
0.5
0.5
0.5
0.5
0.5
0.5
0.5
0.5
0.035585440978746295
0.974817246633637
0.5669198833957917
0.8034830885211465
