0.5
0.5
0.5
0.5
0.5
0.5
0.5
0.5
0.4050513862916217
0.5
0.5738587486523553
0.5550145560998391
0.7963608876678034
0.5407311434332316
0.2695086990588533
0.0570493955377869
0.3333333333333333
0.3333333333333333
0.3333333333333333
0.3333333333333333
0.3333333333333333
0.3333333333333333
0.1293013766918336
0.0014808296487660712
0.02307318100373302
0.015110660800107978
0.5
0.5
0.46554399552791914
0.0062181948263963826
0.14201194047380428
0.5
0.5
0.5
0.5
0.5
0.5
0.5
0.5
0.5
0.5
0.5
0.5
0.5
0.5
0.5
0.5
0.5
0.5
0.0018156507331378337
0.5562210974443026
0.9307825274625525
0.5830405233730701
0.5
0.5
0.5
0.5
