0.5
0.5
0.5
0.5
0.5
0.5
0.5
0.5
0.490516434664408
0.5
0.6677176420008865
0.7689898801387126
0.7470900141211856
0.7031239872372779
0.07207290061673949
0.10274332475967775
0.3333333333333333
0.3333333333333333
0.3333333333333333
0.3333333333333333
0.3333333333333333
0.3333333333333333
0.020574958172740576
0.001522022939500517
0.20155894659297524
0.07729313478832456
0.5
0.5
0.38898900998423236
0.10304655970027601
0.15840976887404457
0.5
0.5
0.5
0.5
0.5
0.5
0.5
0.5
0.5
0.5
0.5
0.5
0.5
0.5
0.5
0.5
0.5
0.5
0.8582268212589115
0.6854452563648483
0.5548226657559461
0.5
0.5
0.5
0.5
