0.3333333333333333
0.3333333333333333
0.3333333333333333
0.3333333333333333
0.3333333333333333
0.3333333333333333
0.3333333333333333
0.3333333333333333
0.3333333333333333
0.3333333333333333
0.3333333333333333
0.3333333333333333
0.3333333333333333
0.3333333333333333
0.3333333333333333
0.3333333333333333
0.3333333333333333
0.3333333333333333
0.5
0.5
0.3333333333333333
0.3333333333333333
0.3333333333333333
0.3333333333333333
0.3333333333333333
0.3333333333333333
0.43752581189142536
0.24052042166076237
0.5
0.5
0.3333333333333333
0.3333333333333333
0.3333333333333333
0.3333333333333333
0.3333333333333333
0.3333333333333333
0.5
0.5
0.5
0.3333333333333333
0.013241133501093405
0.3333333333333333
0.3333333333333333
0.3333333333333333
0.3333333333333333
0.5
0.5
0.5
0.5
0.5
0.5
0.5
0.5
0.5
0.5
0.5
0.5
0.3333333333333333
0.3333333333333333
0.5592210448877551
0.3333333333333333
0.45755388245583967
0.333333336139929
0.5
0.5
0.5
0.002199382070557976
0.0011529203963067344
0.0012137670641703124
0.25
0.25
0.25
0.25
0.25
0.25
0.25
0.25
0.25
0.5
0.0014479432922819974
0.5
0.3333333333333333
0.3333333333333333
0.005208333333333315
0.3333333333333333
0.3333333333333333
0.3333333333333333
0.5
0.008582801326601594
0.5
0.3333333333333333
0.3333333333333333
0.001614601766118262
0.3333333333333333
0.3333333333333333
0.3333333333333333
0.3333333333333333
0.3333333333333333
0.5
0.634415555664004
0.5
0.38118040504425404
0.6172853275207696
0.379894311378037
0.574944783694746
0.5927499974135466
0.40585270983930694
0.5
0.5
0.5
0.5
0.5
0.5
0.5
0.5
0.5
0.5
0.5
0.5
0.5
0.5
0.5
0.5
0.5
0.5
0.5
0.5
0.5
0.04723540579291615
0.828125
0.512988067267603
0.6625233327223651
