0.3333333333333333
0.3333333333333333
0.3333333333333333
0.3333333333333333
0.3333333333333333
0.3333333333333333
0.3333333333333333
0.3333333333333333
0.3333333333333333
0.3333333333333333
0.3333333333333333
0.3333333333333333
0.3333333333333333
0.3333333333333333
0.3333333333333333
0.3333333333333333
0.3333333333333333
0.3333333333333333
0.5
0.5
0.3333333333333333
0.3333333333333333
0.3333333333333333
0.3333333333333333
0.3333333333333333
0.3333333333333333
0.3132012124455343
0.46659476752483586
0.5
0.5
0.1997518111568924
0.3233294151254465
0.3333333333333333
0.3333333333333333
0.05131570789902926
0.1018931642899771
0.5
0.5
0.5
0.3333333333333333
0.3333333333333333
0.08508534159555192
0.3003531092162878
0.3333333333333333
0.24654326996263076
0.5
0.5
0.5
0.5
0.5
0.5
0.5
0.5
0.5
0.5
0.5
0.5
0.5235049947509023
0.3333333337055619
0.3408860085943056
0.3333333336936669
0.3333333333333333
0.3333333309030924
0.5
0.5
0.5
0.02019331081485816
0.017530738541346805
0.008160842055568829
0.25
0.25
0.25
0.25
0.25
0.25
0.25
0.25
0.25
0.5
0.0016411506313195909
0.5
0.3333333333333333
0.3333333333333333
0.013793474200465547
0.3333333333333333
0.3333333333333333
0.3333333333333333
0.5
0.16753634376673843
0.5
0.3333333333333333
0.3333333333333333
0.0026249541420169265
0.3333333333333333
0.3333333333333333
0.3333333333333333
0.3333333333333333
0.3333333333333333
0.6634090433014759
0.5095633707651963
0.7508348079095009
0.5833776068603276
0.4144370914013865
0.39830163723322615
0.6001599116831948
0.5530863848261638
0.4447266345906125
0.5
0.5
0.5
0.5
0.5
0.5
0.5
0.5
0.5
0.5
0.5
0.5
0.5
0.5
0.5
0.5
0.5
0.5
0.5
0.5
0.5
0.47578601982977603
0.7568784166515596
0.5109746099024783
0.8866347558001954
