0.9793613107378463
0.5
0.5
0.5
0.5
0.5
0.5
0.5
0.20534714403340293
0.5
0.7747314920226912
0.5376717185127181
0.6645400699554823
0.9757492277511116
0.28665374186443254
0.009717406323646927
0.3333333333333333
0.3333333333333333
0.3333333333333333
0.3333333333333333
0.5
0.14004584824321414
0.5
0.5000000003141736
0.24050805066886768
0.05010389700175881
0.43174303159840405
0.5
0.5
0.5
0.5
0.5
0.5
0.5
0.5
0.5
0.5
0.5
0.5
0.5
0.5
0.5
0.5
0.5
0.5
0.001208646521365305
0.9962391278945338
0.7599241407727764
0.8392087930771007
