0.9537353795587423
0.5
0.5
0.5
0.5
0.5
0.5
0.5
0.4151671556345258
0.5
0.7667523093190748
0.5842409775840496
0.7676624678983256
0.6350226398515818
0.22335973399258102
0.00958184609502516
0.3333333333333333
0.3333333333333333
0.3333333333333333
0.3333333333333333
0.3333333333333333
0.3333333333333333
0.003903840277279934
0.0017362607248088751
0.07564931073044812
0.002031648985054042
0.5
0.5000000094318165
0.22541526768315026
0.4532010728429842
0.05148515921129429
0.5
0.5
0.5
0.5
0.5
0.5
0.5
0.5
0.5
0.5
0.5
0.5
0.5
0.5
0.5
0.5
0.5
0.5
0.9989572975855892
0.7055445973695972
0.8883127091078902
0.3619525476524328
0.430875865639503
0.47136516660449185
0.436228061300372
