0.9852162949706043
0.5
0.5
0.5
0.5
0.5
0.5
0.5
0.48424137153544305
0.5
0.7630463488958031
0.5312043811768236
0.6579337756760948
0.9973875885830997
0.30246735186544305
0.2872678383635801
0.3333333333333333
0.3333333333333333
0.3333333333333333
0.3333333333333333
0.3333333333333333
0.3333333333333333
0.0026764448945369793
0.014226826936665021
0.0857336395889938
0.02025603341167912
0.5
0.5
0.033830828359311935
0.41052640358171555
0.37807370901209125
0.5
0.5
0.5
0.5
0.5
0.5
0.5
0.5
0.5
0.5
0.5
0.5
0.5
0.5
0.5
0.5
0.5
0.5
0.001140133356578532
0.7566177545933747
0.842197819744659
0.9890662206759521
0.475401706107023
0.4947348477680254
0.24934581541741452
0.4394153521342091
