0.3333333333333333
0.3333333333333333
0.3333333333333333
0.3333333333333333
0.3333333333333333
0.3333333333333333
0.3333333333333333
0.3333333333333333
0.3333333333333333
0.3333333333333333
0.3333333333333333
0.3333333333333333
0.3333333333333333
0.3333333333333333
0.3333333333333333
0.3333333333333333
0.3333333333333333
0.3333333333333333
0.5
0.5
0.3333333333333333
0.3333333333333333
0.3333333333333333
0.3333333333333333
0.3333333333333333
0.3333333333333333
0.4687555799114105
0.18411967957655387
0.5
0.5
0.3333333333333333
0.3333333333333333
0.3333333333333333
0.3333333333333333
0.3333333333333333
0.3333333333333333
0.5
0.5
0.5
0.24992768394739967
0.3333333333333333
0.3333333333333333
0.3016391866298927
0.24936330755880146
0.24936330755880146
0.5
0.5
0.5
0.5
0.5
0.5
0.5
0.5
0.5
0.5
0.5
0.5
0.336328002144588
0.3333333333333333
0.6655258169961593
0.3333333333333333
0.4222322364802745
0.33333333338715454
0.5
0.5
0.5
0.007632311777445985
0.0011088599554948397
0.01625474419062124
0.25
0.25
0.25
0.25
0.25
0.25
0.25
0.25
0.25
0.5
0.0012417058611770388
0.5
0.3333333333333333
0.3333333333333333
0.0033602086819671897
0.3333333333333333
0.3333333333333333
0.3333333333333333
0.5
0.029622259439053472
0.5
0.3333333333333333
0.3333333333333333
0.24593289285005598
0.3333333333333333
0.3333333333333333
0.3333333333333333
0.3333333333333333
0.3333333333333333
0.5
0.5914256211062503
0.5719214368798106
0.3458515703525373
0.39164030123147825
0.3510990164726363
0.643246167479322
0.6458333333333333
0.35255520879468993
0.5
0.5
0.5
0.5
0.5
0.5
0.5
0.5
0.5
0.5
0.5
0.5
0.5
0.5
0.5
0.5
0.5
0.5
0.5
0.5
0.5
0.0015418284452080695
0.5415316505966317
0.8539117083824762
0.6297590794266623
