0.5
0.5
0.5
0.5
0.5
0.5
0.5
0.5
0.4044890714122338
0.5
0.7111672005051085
0.5317733089355503
0.7680845715036468
0.6330819698770137
0.31697695003316206
0.011794355702112957
0.3333333333333333
0.3333333333333333
0.3333333333333333
0.3333333333333333
0.3333333333333333
0.3333333333333333
0.0010734895039296241
0.02462267550513934
0.0015915190199116537
0.005498792042541865
0.5
0.5
0.3287103010593654
0.1990177952998382
0.15307054384121488
0.5
0.5
0.5
0.5
0.5
0.5
0.5
0.5
0.5
0.5
0.5
0.5
0.5
0.5
0.5
0.5
0.5
0.5
0.001063447875420842
0.9921214232338843
0.5027745795299053
0.5798215414253495
0.5
0.5
0.5
0.5
