0.5
0.5
0.5
0.5
0.5
0.5
0.5
0.5
0.46848343896080796
0.5
0.6337960898629168
0.7962995332767246
0.7827354325692071
0.5854782041111547
0.002493518325951756
0.07738460511840792
0.3333333333333333
0.3333333333333333
0.3333333333333333
0.3333333333333333
0.3333333333333333
0.3333333333333333
0.0020377124118962572
0.008837107263301693
0.05440108303331853
0.0011436684629450955
0.5
0.5
0.23782711623211758
0.45972022851168703
0.02650125028437957
0.5
0.5
0.5
0.5
0.5
0.5
0.5
0.5
0.5
0.5
0.5
0.5
0.5
0.5
0.5
0.5
0.5
0.5
0.5060052363025471
0.5
0.8262469222613682
0.5
0.5
0.5
0.5
