0.5
0.5
0.5
0.5
0.5
0.5
0.5
0.5
0.07964060773568281
0.5
0.72870930556094
0.6139994660653754
0.6597589641675639
0.9910136660671536
0.031377779981952014
0.001206361208123936
0.3333333333333333
0.3333333333333333
0.3333333333333333
0.3333333333333333
0.3333333333333333
0.3333333333333333
0.11587318743904254
0.0025006262092123633
0.2599854212056652
0.0010229141646405419
0.5
0.5
0.16314462272804137
0.36815140383677375
0.22973803635933318
0.5
0.5
0.5
0.5
0.5
0.5
0.5
0.5
0.5
0.5
0.5
0.5
0.5
0.5
0.5
0.5
0.5
0.5
0.0012934430180597256
0.7223809340327688
0.6329885937413774
0.6498930716552159
0.5
0.5
0.5
0.5
