0.5
0.5
0.5
0.5
0.5
0.5
0.5
0.5
0.11273040702255865
0.5
0.7769110502652206
0.5132960718142544
0.7888163854089646
0.5654922542408021
0.0520844775296956
0.0820083043710742
0.3333333333333333
0.3333333333333333
0.3333333333333333
0.3333333333333333
0.3333333333333333
0.3333333333333333
0.001337713106187441
0.010866715596879066
0.12291081215978489
0.0018369176508763081
0.5
0.5
0.0015642177643098545
0.36831428974390756
0.4692769947652731
0.5
0.5
0.5
0.5
0.5
0.5
0.5
0.5
0.5
0.5
0.5
0.5
0.5
0.5
0.5
0.5
0.5
0.5
0.5962412441652425
0.6136317687340214
0.7232484589816894
0.5
0.5
0.5
0.5
