0.3333333333333333
0.3333333333333333
0.3333333333333333
0.3333333333333333
0.3333333333333333
0.3333333333333333
0.3333333333333333
0.3333333333333333
0.3333333333333333
0.3333333333333333
0.3333333333333333
0.3333333333333333
0.3333333333333333
0.3333333333333333
0.3333333333333333
0.3333333333333333
0.3333333333333333
0.3333333333333333
0.5
0.5
0.3333333333333333
0.3333333333333333
0.3333333333333333
0.3333333333333333
0.3333333333333333
0.3333333333333333
0.33733698033872067
0.4212068009758424
0.5
0.5
0.009338600872684042
0.3333333333333333
0.3333333333333333
0.3333333333333333
0.3333333333333333
0.0873604533703245
0.5
0.5
0.5
0.3333333333333333
0.3333333333333333
0.2963683085712853
0.18882926575577805
0.28415025503170654
0.24322788441897802
0.5
0.5
0.5
0.5
0.5
0.5
0.5
0.5
0.5
0.5
0.5
0.5
0.4796868668456733
0.3333333326460435
0.47171979884671983
0.3333333333333333
0.3406492698142398
0.3333333330973776
0.5
0.5
0.5
0.016147806816223284
0.007511770014793829
0.0013779988866848836
0.25
0.25
0.25
0.25
0.25
0.25
0.25
0.25
0.25
0.5
0.0016047611250390608
0.5
0.3333333333333333
0.3333333333333333
0.03130190505318113
0.3333333333333333
0.3333333333333333
0.3333333333333333
0.5
0.338568975839895
0.5
0.3333333333333333
0.3333333333333333
0.21078850294171025
0.3333333333333333
0.3333333333333333
0.3333333333333333
0.3333333333333333
0.3333333333333333
0.5002166952875801
0.574292479770328
0.545696595761621
0.3704530875115126
0.612700609635652
0.3865291307014801
0.61160954244415
0.3356528836633831
0.6367446919303846
0.5
0.5
0.5
0.5
0.5
0.5
0.5
0.5
0.5
0.5
0.5
0.5
0.5
0.5
0.5
0.5
0.5
0.5
0.5
0.5
0.5
0.0015293679970375348
0.7734603177904366
0.5167050106601961
0.6452279240452709
