0.3333333333333333
0.3333333333333333
0.3333333333333333
0.3333333333333333
0.3333333333333333
0.3333333333333333
0.5
0.5
0.5
0.5
0.5
0.4999999997707927
0.6653225805736085
0.7698973871231526
0.8083144881909622
0.5015464914844829
0.3333333333333333
0.3333333333333333
0.3333333333333333
0.3333333333333333
0.3333333333333333
0.3333333333333333
0.1448773519515929
0.074084810553526
0.008227055370702147
0.26944751299663566
0.07767172623169445
0.004188835267944833
0.03968738326023885
0.2859979465945021
0.4949762562116969
0.5
0.5
0.5
0.5
0.5
0.5
0.5
0.5
0.5
0.5
0.5
0.5
0.5
0.5
0.5
0.5
0.5
0.5
0.6096214698051746
0.5055392409009657
0.7711878977809069
