0.3333333333333333
0.3333333333333333
0.3333333333333333
0.3333333333333333
0.3333333333333333
0.3333333333333333
0.5
0.5
0.5
0.5
0.5
0.5
0.4766187311542985
0.5
0.7674058805753295
0.5860844025248756
0.3333333333333333
0.3333333333333333
0.3333333333333333
0.3333333333333333
0.3333333333333333
0.3333333333333333
0.08717064469133823
0.3020833333333333
0.132154506798063
0.3279242981425877
0.12448100648236773
0.3333333333333333
0.375
0.5016831750998446
0.5048913275914884
0.5
0.5
0.5
0.5
0.5
0.5
0.5
0.5
0.5
0.5
0.5
0.5
0.5
0.5
0.5
0.5
0.5
0.5
0.7709991703012539
0.6025865232599755
0.5
