0.3333333333333333
0.3333333333333333
0.3333333333333333
0.3333333333333333
0.3333333333333333
0.3333333333333333
0.5
0.5
0.5
0.5
0.4999999999982118
0.5
0.7473175968689957
0.5598891892091291
0.7407593321806498
0.7480682612387849
0.338575289090877
0.3766277943058287
0.35265940771961707
0.2988597869193998
0.33923146271701615
0.11433467847532577
0.21632508682450158
0.0952370694722029
0.32138311864421726
0.3335703870521969
0.3264116633381002
0.15545634266541078
0.444615738216611
0.49574974022771784
0.47987831211300147
0.5
0.5
0.5
0.5
0.5
0.5
0.5
0.5
0.5
0.5
0.5
0.5
0.5
0.5
0.5
0.35490480821284287
0.3658233051367625
0.47506450604433426
0.5010435890771927
0.5961175875928725
0.5047896686731024
