0.6654766193990639
0.3333333333333333
0.6541573477763348
0.3281663539949887
0.6736078414716864
0.3233281151373022
0.4925784858328246
0.5918811068157529
0.5
0.46945292907107483
0.494696777564151
0.22862911145224624
0.001680204611992031
0.2979529079446285
0.5980033868505605
0.8212311890034589
0.3289744571521867
0.3333333333333333
0.2698600768536751
0.0018532526752074036
0.3333333333333333
0.33269917313664105
0.083659129442689
0.36197108068269684
0.1025764621859187
0.34052917690396345
0.33528645829640263
0.33483090139673943
0.47924053213812606
0.46840789325968724
0.47050197036537866
0.500021812289703
0.5000008855774102
0.49999606996865587
0.5
0.5
0.5
0.5
0.5
0.5
0.5
0.5
0.5
0.500040432993984
0.5012529490166945
0.32601281536141574
0.35296882779586963
0.40522423055395457
0.4396048728276356
0.5866875434760622
0.5110453869161383
0.500000698178173
