0.5
0.5
0.5
0.5
0.5
0.5
0.5
0.5
0.38690985756963064
0.5
0.954842393130663
0.5824233670401117
0.6608870495254318
0.9881526124357376
0.015812702611479365
0.08051976014636358
0.3333333333333333
0.3333333333333333
0.3333333333333333
0.3333333333333333
0.3333333333333333
0.3333333333333333
0.04081763771703351
0.013115617492117426
0.0025219857912980037
0.0015011316090735036
0.5
0.5
0.4228200364289816
0.20171727607334689
0.009701206451280198
0.5
0.5
0.5
0.5
0.5
0.5
0.5
0.5
0.5
0.5
0.5
0.5
0.5
0.5
0.5
0.5
0.5
0.5
0.002172498131389099
0.6626950661228519
0.6951933599910859
0.8105852073391112
0.5
0.5
0.5
0.5
