0.3333333333333333
0.3333333333333333
0.3333333333333333
0.3333333333333333
0.3333333333333333
0.3333333333333333
0.3333333333333333
0.3333333333333333
0.3333333333333333
0.3333333333333333
0.3333333333333333
0.3333333333333333
0.3333333333333333
0.3333333333333333
0.3333333333333333
0.3333333333333333
0.3333333333333333
0.3333333333333333
0.5
0.5
0.3333333333333333
0.3333333333333333
0.3333333333333333
0.3333333333333333
0.3333333333333333
0.3333333333333333
0.39051083223396404
0.32448709780808216
0.5
0.5
0.1732692949109193
0.008935013795846545
0.3333333333333333
0.3333333333333333
0.05954648776021815
0.33311028176291446
0.5
0.5
0.5
0.3333333333333333
0.2048881059709502
0.2622951451002711
0.299972213370535
0.33527072394987484
0.3333333333333333
0.5
0.5
0.5
0.5
0.5
0.5
0.5
0.5
0.5
0.5
0.5
0.5
0.3644962759825215
0.3333333333333333
0.3489583333333333
0.3333333347028487
0.48996200205991647
0.33333333275783184
0.5
0.5
0.5
0.016276715911975135
0.014643148840525255
0.001802335917761022
0.25
0.25
0.25
0.25
0.25
0.25
0.25
0.25
0.25
0.5
0.08875873823608656
0.5
0.3333333333333333
0.3333333333333333
0.04807980106112658
0.3333333333304421
0.3333333333333333
0.3333333333333333
0.5
0.23206979886146298
0.5
0.3333333333333333
0.3333333333333333
0.1050063552612156
0.3333333333333333
0.3333333333333333
0.3333333333333333
0.3333333333333333
0.3333333333333333
0.5357633497187474
0.5232197312836496
0.686626004734881
0.3520299099768345
0.46623089351823027
0.43581558038085655
0.3529107584322592
0.3478676033008205
0.6506488556712797
0.5
0.5
0.5
0.5
0.5
0.5
0.5
0.5
0.5
0.5
0.5
0.5
0.5
0.5
0.5
0.5
0.5
0.5
0.5
0.5
0.5
0.0014159349954027919
0.6718178691649849
0.5187759716740848
0.5462350901485121
