0.5
0.5
0.5
0.5
0.5
0.5
0.5
0.5
0.4131374047023985
0.5
0.6769279327068781
0.7575547198772411
0.7049898398867191
0.8431643003224883
0.05891590577153202
0.01144904963250819
0.3333333333333333
0.3333333333333333
0.3333333333333333
0.3333333333333333
0.3333333333333333
0.3333333333333333
0.0015442857668444574
0.003203534347944093
0.0071511279884208375
0.0941620866935266
0.5
0.5
0.36962710575775387
0.14197388086692894
0.14808759463560595
0.5
0.5
0.5
0.5
0.5
0.5
0.5
0.5
0.5
0.5
0.5
0.5
0.5
0.5
0.5
0.5
0.5
0.5
0.5376109495537474
0.9272798187097424
0.7431853947394096
0.5
0.5
0.5
0.5
