0.3333333333333333
0.3333333333333333
0.3333333333333333
0.3333333333333333
0.3333333333333333
0.3333333333333333
0.3333333333333333
0.3333333333333333
0.3333333333333333
0.3333333333333333
0.3333333333333333
0.3333333333333333
0.3333333333333333
0.3333333333333333
0.3333333333333333
0.3333333333333333
0.3333333333333333
0.3333333333333333
0.5
0.5
0.3333333333333333
0.3333333333333333
0.3333333333333333
0.3333333333333333
0.3333333333333333
0.3333333333333333
0.3686795403669786
0.3651885799259284
0.5
0.5
0.3333333333333333
0.3333333333333333
0.3333333333333333
0.3333333333333333
0.3333333333333333
0.3333333333333333
0.5
0.5
0.5
0.2034417322048911
0.24043638737204504
0.3359540916807489
0.2763556861033981
0.33237010650175663
0.2579690924549712
0.5
0.5
0.5
0.5
0.5
0.5
0.5
0.5
0.5
0.5
0.5
0.5
0.3341039147993247
0.3333333333333333
0.4174222876558444
0.3333333333333333
0.5028846352060417
0.3333333432004181
0.5
0.5
0.5
0.00441033318054683
0.0016346506545887667
0.0014354528948302028
0.25
0.25
0.25
0.25
0.25
0.25
0.25
0.25
0.25
0.5
0.48145780330454385
0.5
0.3333333333333333
0.3333333333333333
0.1767139179465942
0.3333333333333333
0.3333333333333333
0.3333333333333333
0.5
0.11140762373748425
0.5
0.3333333333333333
0.3333333333333333
0.3261977722083328
0.3333333333333333
0.3333333333333333
0.3333333333333333
0.3333333333333333
0.3333333333333333
0.5269891433523411
0.5649291540016453
0.5
0.334394584397569
0.6340665122451816
0.3988495817007075
0.4963206147297081
0.5885204424233021
0.40512015669086476
0.5
0.5
0.5
0.5
0.5
0.5
0.5
0.5
0.5
0.5
0.5
0.5
0.5
0.5
0.5
0.5
0.5
0.5
0.5
0.5
0.5
0.0028627171557431856
0.7621460952454124
0.7506556719443691
0.5701314209227519
