0.5
0.5
0.5
0.5
0.5
0.5
0.5
0.5
0.38796963859928246
0.5
0.7512848277475472
0.5488476416058092
0.8065027884508862
0.5070871920114794
0.04765436028653874
0.21241819318054087
0.3333333333333333
0.3333333333333333
0.3333333333333333
0.3333333333333333
0.3333333333333333
0.3333333333333333
0.20489986658184411
0.003280035014676937
0.0010249889255627477
0.006655767502710911
0.5
0.5
0.17917844550098197
0.4483317297028622
0.12451278448633331
0.5
0.5
0.5
0.5
0.5
0.5
0.5
0.5
0.5
0.5
0.5
0.5
0.5
0.5
0.5
0.5
0.5
0.5
0.9987747300989263
0.5322516400535537
0.5614582766868768
0.5
0.5
0.5
0.5
