0.5
0.5
0.5
0.5
0.5
0.5
0.5
0.5
0.48965092445881747
0.5
0.568244933480787
0.9243745729956545
0.6561956498411388
0.9986720989569635
0.03810546128259329
0.0011403499250926576
0.3333333333333333
0.3333333333333333
0.3333333333333333
0.3333333333333333
0.3333333333333333
0.3333333333333333
0.027812957862034703
0.0010182976047066607
0.0012927465104233709
0.003476724911351527
0.5
0.5
0.4662016456306054
0.13406072689162912
0.012849177746124036
0.5
0.5
0.5
0.5
0.5
0.5
0.5
0.5
0.5
0.5
0.5
0.5
0.5
0.5
0.5
0.5
0.5
0.5
0.0012884990377092231
0.6216684337449709
0.9866737349798838
0.5356222501410526
0.5
0.5
0.5
0.5
