0.9954330329562053
0.5
0.5
0.5
0.5
0.5
0.5
0.5
0.4941468357497032
0.5
0.7707221214546189
0.5954081754448388
0.7770043131183785
0.6049916021453849
0.3310976108537867
0.27890898203140135
0.3333333333333333
0.3333333333333333
0.3333333333333333
0.3333333333333333
0.3333333333333333
0.3333333333333333
0.04242221054727616
0.001348265927860163
0.0014102393224260726
0.001341748181257497
0.5
0.5
0.09441261927235019
0.5
0.19874650797789556
0.5
0.5
0.5
0.5
0.5
0.5
0.5
0.5
0.5
0.5
0.5
0.5
0.5
0.5
0.5
0.5
0.5
0.5
0.9973802166194657
0.9989899434461238
0.8882765292691728
0.45156272960351734
0.14533330794439162
0.4608143212895094
0.3770345876474367
