0.3333333333333333
0.3333333333333333
0.3333333333333333
0.3333333333333333
0.3333333333333333
0.3333333333333333
0.3333333333333333
0.3333333333333333
0.3333333333333333
0.3333333333333333
0.3333333333333333
0.3333333333333333
0.3333333333333333
0.3333333333333333
0.3333333333333333
0.3333333333333333
0.3333333333333333
0.3333333333333333
0.5
0.5
0.3333333333333333
0.3333333333333333
0.3333333333333333
0.3333333333333333
0.3333333333333333
0.3333333333333333
0.36372026225307896
0.37561901643838413
0.5
0.5
0.324903967417097
0.029658872058066083
0.3333333333333333
0.3333333333333333
0.08338952562967117
0.019899760287051767
0.5
0.5
0.5
0.25052123195982356
0.26158720815456704
0.3333333333333333
0.3333333333333333
0.17877510678105726
0.3333333333333333
0.5
0.5
0.5
0.5
0.5
0.5
0.5
0.5
0.5
0.5
0.5
0.5
0.40507945864804273
0.3333333333333333
0.3333333333333333
0.3333333333333333
0.4573797763340492
0.3333333333333333
0.5
0.5
0.5
0.24270709523841258
0.08190768205659327
0.0017121122712804946
0.25
0.25
0.25
0.25
0.25
0.25
0.25
0.25
0.25
0.5
0.001719778302566424
0.5
0.3333333333333333
0.3333333333333333
0.004145537238836917
0.3333333335085804
0.3333333333333333
0.3333333333333333
0.5
0.25
0.5
0.3333333333333333
0.3333333333333333
0.32483775551983224
0.3333333333333333
0.3333333333333333
0.3333333333333333
0.3333333333333333
0.3333333333333333
0.7357682251214174
0.6906217725755699
0.7924578549132573
0.39494935075155935
0.6034670242751621
0.33487583325677134
0.6640056331588029
0.42074437019662897
0.5776090670967536
0.5
0.5
0.5
0.5
0.5
0.5
0.5
0.5
0.5
0.5
0.5
0.5
0.5
0.5
0.5
0.5
0.5
0.5
0.5
0.5
0.5
0.0014085802034622397
0.8755868097077413
0.9985073306035674
0.9181791293422306
