0.9983526230539534
0.5
0.5
0.5
0.5
0.5
0.5
0.5
0.10260558908378263
0.5
0.8227227417869777
0.5328688424423096
0.7674946735213801
0.6365141784828312
0.30116692382509463
0.0017764312370803117
0.3333333333333333
0.3333333333333333
0.3333333333333333
0.3333333333333333
0.3333333333333333
0.3333333333333333
0.0014969377494792597
0.0014333075249223083
0.13141790059900896
0.001726231053341441
0.5
0.5
0.2522625399105892
0.0467778681825481
0.3972141007594363
0.5
0.5
0.5
0.5
0.5
0.5
0.5
0.5
0.5
0.5
0.5
0.5
0.5
0.5
0.5
0.5
0.5
0.5
0.0027438382067644373
0.9973483957557155
0.9981833782786289
0.9753721290908998
0.2739350562517848
0.2981551777973171
0.18647796826020446
0.20638091811838202
