0.9366892819904341
0.5
0.5
0.5
0.5
0.5
0.5
0.5
0.4651897759370631
0.5
0.7840381327378931
0.5002141034498655
0.747444949650951
0.701820913346108
0.026652168210593345
0.28982867613034163
0.3333333333333333
0.3333333333333333
0.3333333333333333
0.3333333333333333
0.5
0.025428782805510985
0.5
0.5
0.0024835346464148877
0.36364134816300514
0.4714510528035325
0.5
0.5
0.5
0.5
0.5
0.5
0.5
0.5
0.5
0.5
0.5
0.5
0.5
0.5
0.5
0.5
0.5
0.5
0.0018247982025440769
0.9822946780173205
0.9988279720964824
0.998328951738222
