0.3333333333333333
0.3333333333333333
0.3333333333333333
0.3333333333333333
0.3333333333333333
0.3333333333333333
0.3333333333333333
0.3333333333333333
0.3333333333333333
0.3333333333333333
0.3333333333333333
0.3333333333333333
0.3333333333333333
0.3333333333333333
0.3333333333333333
0.3333333333333333
0.3333333333333333
0.3333333333333333
0.5
0.5
0.3333333333333333
0.3333333333333333
0.3333333333333333
0.3333333333333333
0.3333333333333333
0.3333333333333333
0.30625673724748514
0.49416993212243393
0.5
0.5
0.052806468578688204
0.1972159004657303
0.3333333333333333
0.3333333333333333
0.0021177961929528945
0.29838057604449314
0.5
0.5
0.5
0.3333333333333333
0.3333333333333333
0.3304254585101668
0.3318797959633812
0.3352519334886149
0.16655276412218137
0.5
0.5
0.5
0.5
0.5
0.5
0.5
0.5
0.5
0.5
0.5
0.5
0.45792625464778614
0.3333333333503978
0.3369009470636125
0.3333333333333333
0.3996726380723242
0.3333333333136378
0.5
0.5
0.5
0.0015862023156107282
0.0023225808417837077
0.002064842275515743
0.25
0.25
0.25
0.25
0.25
0.25
0.25
0.25
0.25
0.5
0.3683535509160207
0.5
0.3333333333333333
0.3333333333333333
0.04801480142442625
0.3333333333333333
0.3333333333333333
0.3333333333333333
0.5
0.10003093357068643
0.5
0.3333333333333333
0.3333333333333333
0.062281800188074124
0.3333333333333333
0.3333333333333333
0.3333333333333333
0.3333333333333333
0.3333333333333333
0.5046996001565821
0.7997292417738787
0.5120143142313396
0.34304166091237087
0.3576743650881363
0.4064250275650996
0.5900877661900168
0.39366154060978964
0.6038478360909697
0.5
0.5
0.5
0.5
0.5
0.5
0.5
0.5
0.5
0.5
0.5
0.5
0.5
0.5
0.5
0.5
0.5
0.5
0.5
0.5
0.5
0.0018150696355518146
0.7843503917409813
0.6470533793818256
0.9177856129002496
