0.5
0.5
0.5
0.5
0.5
0.5
0.5
0.5
0.24776499733799495
0.5
0.7142197159866094
0.5143064834576243
0.6600661067499526
0.9916729509823894
0.002577281125430986
0.13385542384737767
0.3333333333333333
0.3333333333333333
0.3333333333333333
0.3333333333333333
0.3333333333333333
0.3333333333333333
0.0018157040120411968
0.007468077345242635
0.05028138258191468
0.014157634934629673
0.5
0.5
0.07020622958119835
0.2945157237173377
0.43992670956835006
0.5
0.5
0.5
0.5
0.5
0.5
0.5
0.5
0.5
0.5
0.5
0.5
0.5
0.5
0.5
0.5
0.5
0.5
0.00214271549415277
0.9976267061735423
0.5151900005054946
0.8552092988775375
0.4967068698812721
0.46164608230824034
0.47994961609719966
0.4858447220922007
