0.5
0.5
0.5
0.5
0.5
0.5
0.5
0.5
0.40129727661311837
0.5
0.7690076847495061
0.5147156251215463
0.6561194413592535
0.9989102871515974
0.2267205558953711
0.012404385906210152
0.3333333333333333
0.3333333333333333
0.3333333333333333
0.3333333333333333
0.3333333333333333
0.3333333333333333
0.0022337024303652514
0.03261351551662159
0.0035669861043274072
0.2998169815374871
0.5
0.5
0.12097827615261438
0.15918739258401812
0.5
0.5
0.5
0.5
0.5
0.5
0.5
0.5
0.5
0.5
0.5
0.5
0.5
0.5
0.5
0.5
0.5
0.5
0.5
0.5615313313456548
0.9983000458567788
0.8203789312011136
0.5
0.49346295723376327
0.49311890206311754
0.4519234617919886
