0.3333333333333333
0.3333333333333333
0.3333333333333333
0.3333333333333333
0.3333333333333333
0.3333333333333333
0.3333333333333333
0.3333333333333333
0.3333333333333333
0.3333333333333333
0.3333333333333333
0.3333333333333333
0.3333333333333333
0.3333333333333333
0.3333333333333333
0.3333333333333333
0.3333333333333333
0.3333333333333333
0.5
0.5
0.3333333333333333
0.3333333333333333
0.3333333333333333
0.3333333333333333
0.3333333333333333
0.3333333333333333
0.36102363549664035
0.37825884818324107
0.5
0.5
0.13243430260285569
0.005064586874638909
0.3333333333333333
0.3333333333333333
0.3333333333333333
0.2884107817244707
0.5
0.5
0.5
0.26103808215361485
0.31872733989435964
0.3020833333333333
0.29224206894763727
0.3252740447181152
0.28913915950917407
0.5
0.5
0.5
0.5
0.5
0.5
0.5
0.5
0.5
0.5
0.5
0.5
0.3399144855200497
0.3333333333333333
0.455832201660302
0.3333333375552153
0.5185689101727554
0.3333333333259333
0.5
0.5
0.5
0.0026180034659403113
0.013161192532117947
0.004219780989011941
0.25
0.25
0.25
0.25
0.25
0.25
0.25
0.25
0.25
0.5
0.0030812706814163024
0.5
0.3333333333333333
0.3333333333333333
0.07768996627687647
0.3333333333333333
0.3333333333333333
0.3333333333333333
0.5
0.003720362593430804
0.5
0.3333333333333333
0.3333333333333333
0.3203325472140877
0.3333333333333333
0.3333333333333333
0.3333333333333333
0.3333333333333333
0.3333333333333333
0.50435277812588
0.5229086532521254
0.7294791817605153
0.3454070550222189
0.6509129627261834
0.33820993161712054
0.5833333333333333
0.3435847545683969
0.6432408990009519
0.5
0.5
0.5
0.5
0.5
0.5
0.5
0.5
0.5
0.5
0.5
0.5
0.5
0.5
0.5
0.5
0.5
0.5
0.5
0.5
0.5
0.11315512623033733
0.5725029864435331
0.9832828808494551
0.5331127503404757
