0.5
0.5
0.5
0.5
0.5
0.5
0.5
0.5
0.4424614665259022
0.5
0.714524484464511
0.6396864019066154
0.7486591657628306
0.6979255587136236
0.0021030189828879532
0.07952669783246877
0.3333333333333333
0.3333333333333333
0.3333333333333333
0.3333333333333333
0.3333333333333333
0.3333333333333333
0.0015014886839050873
0.3333333333333333
0.0070764984401753845
0.002035249491301433
0.5
0.49999999968835845
0.0023728935815069676
0.3970079685821036
0.43967467964951173
0.5
0.5
0.5
0.5
0.5
0.5
0.5
0.5
0.5
0.5
0.5
0.5
0.5
0.5
0.5
0.5
0.5
0.5
0.5406980336299924
0.6188820838329387
0.7486546021872927
0.5
0.5
0.5
0.5
