0.5
0.5
0.5
0.5
0.5
0.5
0.5
0.5
0.2731463293205676
0.5
0.5901481239624795
0.8778265704008378
0.6560551359741
0.9984775249015685
0.0010027836254578545
0.008092738708810922
0.3333333333333333
0.3333333333333333
0.3333333333333333
0.3333333333333333
0.3333333333333333
0.3333333333333333
0.29184927934995075
0.0019151608415330663
0.016898711713946826
0.082607713243224
0.5
0.5
0.002136095992575762
0.3686778133034216
0.46681172153390604
0.5
0.5
0.5
0.5
0.5
0.5
0.5
0.5
0.5
0.5
0.5
0.5
0.5
0.5
0.5
0.5
0.5
0.5
0.0014698417987987211
0.9964855815585327
0.6567129324081985
0.5
0.5
0.5
0.5
0.5
