0.5
0.5
0.5
0.5
0.5
0.5
0.5
0.5
0.40033248489807666
0.5
0.707327072108269
0.6632475642609944
0.6584778777667626
0.997009929347406
0.010499636397687757
0.22448836095843785
0.3333333333333333
0.3333333333333333
0.3333333333333333
0.3333333333333333
0.3333333333333333
0.3333333333333333
0.08910379815247745
0.0011232168749327187
0.006981043458902255
0.008708304809331824
0.5
0.5
0.23144059565446548
0.0014433247196281613
0.4955198331293576
0.5
0.5
0.5
0.5
0.5
0.5
0.5
0.5
0.5
0.5
0.5
0.5
0.5
0.5
0.5
0.5
0.5
0.5
0.8273340736807394
0.8241178747830123
0.5007577654349596
0.5
0.5
0.5
0.5
