0.3333333333333333
0.3333333333333333
0.3333333333333333
0.3333333333333333
0.3333333333333333
0.3333333333333333
0.3333333333333333
0.3333333333333333
0.3333333333333333
0.3333333333333333
0.3333333333333333
0.3333333333333333
0.3333333333333333
0.3333333333333333
0.3333333333333333
0.3333333333333333
0.3333333333333333
0.3333333333333333
0.5
0.5
0.3333333333333333
0.3333333333333333
0.3333333333333333
0.3333333333333333
0.3333333333333333
0.3333333333333333
0.3613706213482448
0.3782582674535933
0.5
0.5
0.3333333333333333
0.3333333333333333
0.3333333333333333
0.3333333333333333
0.3333333333333333
0.3333333333333333
0.5
0.5
0.5
0.3310615217252718
0.2587425769886562
0.3333333333333333
0.20004098063968945
0.31332757084381835
0.2855387860657092
0.5
0.5
0.5
0.5
0.5
0.5
0.5
0.5
0.5
0.5
0.5
0.5
0.3333333333333333
0.3333333333333333
0.39202792631273875
0.3333333333333333
0.5080377852130635
0.3333333333359462
0.5
0.5
0.5
0.0011400601353906414
0.001231157922019166
0.0010312819100305596
0.25
0.25
0.25
0.25
0.25
0.25
0.25
0.25
0.25
0.5
0.04560585831660817
0.5
0.3333333333333333
0.3333333333333333
0.08141737253838888
0.3333333333333333
0.3333333333333333
0.3333333333333333
0.5
0.49221272380271175
0.5
0.3333333333333333
0.3333333333333333
0.3332354538082277
0.3333333333333333
0.3333333333333333
0.3333333333333333
0.3333333333333333
0.3333333333333333
0.5
0.6470416824177573
0.5170172326698266
0.3604427047281486
0.6380841131564573
0.5426163355006195
0.41620842673565955
0.4253881469422481
0.5728662354136363
0.5
0.5
0.5
0.5
0.5
0.5
0.5
0.5
0.5
0.5
0.5
0.5
0.5
0.5
0.5
0.5
0.5
0.5
0.5
0.5
0.5
0.0011353771633702818
0.7527889923868041
0.5
0.7015892940301545
