0.5
0.5
0.5
0.5
0.5
0.5
0.5
0.5
0.3832280661926153
0.5
0.7214361662976777
0.6655545078027684
0.7582987528265841
0.666722350026097
0.0012280588525813573
0.11072162498467547
0.3333333333333333
0.3333333333333333
0.3333333333333333
0.3333333333333333
0.3333333333333333
0.3333333333333333
0.06830726124676051
0.09804395214570644
0.001129734325395944
0.3333333333333333
0.5
0.5
0.4704373657909084
0.38905499047498554
0.0012508113721764655
0.5
0.5
0.5
0.5
0.5
0.5
0.5
0.5
0.5
0.5
0.5
0.5
0.5
0.5
0.5
0.5
0.5
0.5
0.007915491801786273
0.5172963294915542
0.994165794604709
0.5711798103232042
0.5
0.5
0.5
0.5
