0.5
0.5
0.5
0.5
0.5
0.5
0.5
0.5
0.0958668274275577
0.5
0.7444887993980652
0.5665901361227468
0.7884480377677966
0.5662021712049835
0.001005515980369083
0.04077627327355427
0.3333333333333333
0.3333333333333333
0.3333333333333333
0.3333333333333333
0.3333333333333333
0.3333333333333333
0.0020957182179689856
0.0034590173404232564
0.059553947603302085
0.03952844969454011
0.5
0.5
0.2485824756498259
0.007360944731228702
0.463427405127536
0.5
0.5
0.5
0.5
0.5
0.5
0.5
0.5
0.5
0.5
0.5
0.5
0.5
0.5
0.5
0.5
0.5
0.5
0.512806625084887
0.5294884838158851
0.8075313933596492
0.5
0.5
0.5
0.5
