0.3333333333333333
0.3333333333333333
0.3333333333333333
0.3333333333333333
0.3333333333333333
0.3333333333333333
0.3333333333333333
0.3333333333333333
0.3333333333333333
0.3333333333333333
0.3333333333333333
0.3333333333333333
0.3333333333333333
0.3333333333333333
0.3333333333333333
0.3333333333333333
0.3333333333333333
0.3333333333333333
0.5
0.5
0.3333333333333333
0.3333333333333333
0.3333333333333333
0.3333333333333333
0.3333333333333333
0.3333333333333333
0.49251698214622197
0.13895800271831646
0.5
0.5
0.08338176896316263
0.33138259476080023
0.3333333333333333
0.3333333333333333
0.04129128371352004
0.3333333333333333
0.5
0.5
0.5
0.21122374667072383
0.256610550941789
0.3301873429306499
0.3333333333333333
0.31321171627825506
0.3333333333333333
0.5
0.5
0.5
0.5
0.5
0.5
0.5
0.5
0.5
0.5
0.5
0.5
0.3939419197923555
0.3333333333333333
0.573377719590001
0.3333333357254939
0.3925409458837564
0.3333333357254939
0.5
0.5
0.5
0.06025509464563891
0.0011088599554948397
0.01594049196704935
0.25
0.25
0.25
0.25
0.25
0.25
0.25
0.25
0.25
0.5
0.25
0.5
0.3333333333333333
0.3333333333333333
0.033828167762578604
0.3333333333333333
0.3333333333333333
0.3333333333333333
0.5
0.07957226737419953
0.5
0.3333333333333333
0.3333333333333333
0.0013032517225426464
0.3333333333333333
0.3333333333333333
0.3333333333333333
0.3333333333333333
0.3333333333333333
0.5464929537877833
0.5183164382307623
0.5703155748738714
0.4511060975785244
0.5349466049510834
0.4431851394853475
0.3658057368670139
0.34018571916609
0.6585069258748917
0.5
0.5
0.5
0.5
0.5
0.5
0.5
0.5
0.5
0.5
0.5
0.5
0.5
0.5
0.5
0.5
0.5
0.5
0.5
0.5
0.5
0.0019679900214890356
0.5179291524902664
0.8823333211133921
0.6262500023107432
