0.5
0.5
0.5
0.5
0.5
0.5
0.5
0.5
0.4739709690419732
0.5
0.7510315970264295
0.5029310352425346
0.7241178733383616
0.7796231425610682
0.07598045972710477
0.2888847827584157
0.3333333333333333
0.3333333333333333
0.3333333333333333
0.3333333333333333
0.3333333333333333
0.3333333333333333
0.31663933200308714
0.0020150786245019224
0.0012319828389984726
0.28579362442191675
0.5
0.5
0.23487559879596914
0.4911960697959367
0.0010553762149240827
0.5
0.5
0.5
0.5
0.5
0.5
0.5
0.5
0.5
0.5
0.5
0.5
0.5
0.5
0.5
0.5
0.5
0.5
0.0026789280336921247
0.6793305808279845
0.67961144920568
0.648186608950971
0.5
0.5
0.5
0.5
