0.539364514395255
0.33236177982671855
0.6776390837825788
0.30996431577287287
0.671041377851881
0.16242642060034926
0.9037113417387788
0.978128186679806
0.500007284930574
0.5005817304440131
0.5005491128742966
0.5401175258734989
0.5927255464736878
0.6501638563442323
0.8064196132744463
0.43753570618633175
0.34169654496870255
0.32121394434199424
0.3544318869540549
0.0011436859904327705
0.4178607527309037
0.3095781316654215
0.11544886117984379
0.22602542887088703
0.29172357129682386
0.05155585295722509
0.10597933089004832
0.25466499104670887
0.4722589202941991
0.5075512324159307
0.4637964771348185
0.5
0.5
0.5
0.5
0.5
0.5
0.5
0.5
0.5
0.5
0.5
0.5
0.40222903333898646
0.4926163140661944
0.4957684340744534
0.031375404781366974
0.44333884145220004
0.43930122876995054
0.5793909338810425
0.6209509117979359
0.7379196641621331
