0.3333333333333333
0.3333333333333333
0.3333333333333333
0.3333333333333333
0.3333333333333333
0.3333333333333333
0.3333333333333333
0.3333333333333333
0.3333333333333333
0.3333333333333333
0.3333333333333333
0.3333333333333333
0.3333333333333333
0.3333333333333333
0.3333333333333333
0.3333333333333333
0.3333333333333333
0.3333333333333333
0.5
0.5
0.3333333333333333
0.3333333333333333
0.3333333333333333
0.3333333333333333
0.3333333333333333
0.3333333333333333
0.49804941672170006
0.13005102655464124
0.5
0.5
0.0011379531320705738
0.021920571816510137
0.3333333333333333
0.3333333333333333
0.08491184689312493
0.20858293531053188
0.5
0.5
0.5
0.33141157500096485
0.3333333333333333
0.31173678225353857
0.07375399429159911
0.2358903706974913
0.3297177700700853
0.5
0.5
0.5
0.5
0.5
0.5
0.5
0.5
0.5
0.5
0.5
0.5
0.3333333333333333
0.3333333333333333
0.5833333333333333
0.3333333333333333
0.49337943327928135
0.3333333333333333
0.5
0.5
0.5
0.0023440958312018517
0.021799537182341996
0.002877386718662787
0.25
0.25
0.25
0.25
0.25
0.25
0.25
0.25
0.25
0.5
0.006349465783043309
0.5
0.3333333333333333
0.3333333333333333
0.001285803194945992
0.3333333333333333
0.3333333333333333
0.3333333333333333
0.5
0.29978583367204403
0.5
0.3333333333333333
0.3333333333333333
0.06948064009156357
0.3333333333333333
0.3333333333333333
0.3333333333333333
0.3333333333333333
0.3333333333333333
0.5588816672166472
0.5636466342388132
0.5089525736777943
0.3983644300234946
0.6003866755881917
0.5040408563295645
0.4942236768793669
0.40547475021046636
0.45771970346961866
0.5
0.5
0.5
0.5
0.5
0.5
0.5
0.5
0.5
0.5
0.5
0.5
0.5
0.5
0.5
0.5
0.5
0.5
0.5
0.5
0.5
0.027189044490792735
0.8142675129028537
0.8899349357750675
0.9484306884994655
