0.8877968152340435
0.5
0.5
0.5
0.5
0.5
0.5
0.5
0.09817446208350589
0.5
0.6940035023662025
0.6999179442396986
0.7661564783311946
0.6409736313949957
0.3081307782132666
0.008065784151526792
0.3333333333333333
0.3333333333333333
0.3333333333333333
0.3333333333333333
0.5
0.1821104435567409
0.5
0.5
0.4724187345365775
0.13675078340532787
0.0013487300289285742
0.5
0.5
0.5
0.5
0.5
0.5
0.5
0.5
0.5
0.5
0.5
0.5
0.5
0.5
0.5
0.5
0.5
0.5
0.0012755945802084834
0.828582373718962
0.8252542960409093
0.9986985762819645
