0.9980581608797608
0.5
0.5
0.5
0.5
0.5
0.5
0.5
0.09942307236001241
0.5
0.7910288860030632
0.5981994148819677
0.6598991067034214
0.9922465631467094
0.26249007197113583
0.05111209057730223
0.3333333333333333
0.3333333333333333
0.3333333333333333
0.3333333333333333
0.3333333333333333
0.3333333333333333
0.21059603778105507
0.031080486186130712
0.06535780725483517
0.002200342858325972
0.5
0.5
0.22276926660439372
0.17445863757507257
0.3345054704172769
0.5
0.5
0.5
0.5
0.5
0.5
0.5
0.5
0.5
0.5
0.5
0.5
0.5
0.5
0.5
0.5
0.5
0.5
0.0013673001510263183
0.9982271250481449
0.9019663744281363
0.7483720102194196
0.45617654241987515
0.41299758856472785
0.23182458955845253
0.47031755412538906
