0.9127935590446721
0.5
0.5
0.5
0.5
0.5
0.5
0.5
0.1156080707185183
0.5
0.6855328917793294
0.6337125304784893
0.6580389398510262
0.9984015454254127
0.257878365939845
0.24584871526892635
0.3333333333333333
0.3333333333333333
0.3333333333333333
0.3333333333333333
0.3333333333333333
0.3333333333333333
0.0010823042134772444
0.0013178471645299572
0.011197793764388547
0.0011191714211267034
0.5
0.5
0.29617522267432617
0.39012471432096546
0.009076965637122167
0.5
0.5
0.5
0.5
0.5
0.5
0.5
0.5
0.5
0.5
0.5
0.5
0.5
0.5
0.5
0.5
0.5
0.5
0.9945550976207338
0.6022445372598387
0.9431021552424818
0.44333320421273403
0.48334450022404285
0.4442527656292871
0.23482797532350624
