0.5
0.5
0.5
0.5
0.5
0.5
0.5
0.5
0.1729891005944508
0.5
0.6383415294256791
0.8280139640354995
0.678350360043715
0.9303491627034373
0.21963459241952596
0.0015554527412381255
0.3333333333333333
0.3333333333333333
0.3333333333333333
0.3333333333333333
0.3333333333333333
0.3333333333333333
0.12176526665101978
0.001008604100693914
0.22106172400618737
0.30345832117639265
0.5
0.5
0.0075690668019197304
0.3286431100940473
0.493959335970039
0.5
0.5
0.5
0.5
0.5
0.5
0.5
0.5
0.5
0.5
0.5
0.5
0.5
0.5
0.5
0.5
0.5
0.5
0.0024394130969199916
0.584959972276745
0.6269868867816994
0.7735910157174845
0.5
0.5
0.5
0.5
