0.3333333333333333
0.3333333333333333
0.3333333333333333
0.3333333333333333
0.3333333333333333
0.3333333333333333
0.3333333333333333
0.3333333333333333
0.3333333333333333
0.3333333333333333
0.3333333333333333
0.3333333333333333
0.3333333333333333
0.3333333333333333
0.3333333333333333
0.3333333333333333
0.3333333333333333
0.3333333333333333
0.5
0.5
0.3333333333333333
0.3333333333333333
0.3333333333333333
0.3333333333333333
0.3333333333333333
0.3333333333333333
0.3891791086556514
0.3286044048715542
0.5
0.5
0.3333333333333333
0.055497768764783684
0.3333333333333333
0.3333333333333333
0.3333333333333333
0.009003514571630919
0.5
0.5
0.5
0.31845223025185254
0.3313900558535131
0.28685358886082973
0.3333333333333333
0.31581861254995913
0.2192673479100703
0.5
0.5
0.5
0.5
0.5
0.5
0.5
0.5
0.5
0.5
0.5
0.5
0.49213340549978724
0.33333333341263494
0.38420457818683434
0.33333333351737904
0.3507211788304084
0.33333333337267795
0.5
0.5
0.5
0.0017023472414379717
0.0012934955608950908
0.0032695807241370253
0.25
0.25
0.25
0.25
0.25
0.25
0.25
0.25
0.25
0.5
0.5
0.5
0.3333333333333333
0.3333333333333333
0.0010298346184798683
0.3333333333333333
0.3333333333333333
0.3333333333333333
0.5
0.49974728492780385
0.5
0.3333333333333333
0.3333333333333333
0.06981608327607886
0.3333333333333333
0.3333333333333333
0.3333333333333333
0.3333333333333333
0.3333333333333333
0.5
0.6698520072786533
0.5
0.5923393924395374
0.40636512046460543
0.34306823092300137
0.5449477385561317
0.33959370284242374
0.5229532451212503
0.5
0.5
0.5
0.5
0.5
0.5
0.5
0.5
0.5
0.5
0.5
0.5
0.5
0.5
0.5
0.5
0.5
0.5
0.5
0.5
0.5
0.0020845997320985705
0.7517767270319431
0.9491246262894165
0.5045928710251039
