0.5
0.5
0.5
0.5
0.5
0.5
0.5
0.5
0.008317480431870077
0.5
0.6044887959038302
0.9475254542224186
0.6639751434394245
0.9775497811454038
0.0013158701317160233
0.0036966412791545333
0.3333333333333333
0.3333333333333333
0.3333333333333333
0.3333333333333333
0.3333333333333333
0.3333333333333333
0.038670253752159864
0.011119534103809161
0.048037543271939855
0.09054922981321392
0.5
0.5
0.2868240687410659
0.37704196434521264
0.03729649642944017
0.5
0.5
0.5
0.5
0.5
0.5
0.5
0.5
0.5
0.5
0.5
0.5
0.5
0.5
0.5
0.5
0.5
0.5
0.718135883042916
0.9757808303804267
0.5137019813446845
0.5
0.5
0.5
0.5
