0.5
0.5
0.5
0.5
0.5
0.5
0.5
0.5
0.21926840527914054
0.5
0.5654275821759182
0.5227600246473192
0.8082772859990888
0.5015609464672925
0.0014257701857159416
0.002367073337034406
0.3333333333333333
0.3333333333333333
0.3333333333333333
0.3333333333333333
0.3333333333333333
0.3333333333333333
0.20188499730130488
0.005004272637482185
0.001263388419591692
0.0018446530507339781
0.5
0.5
0.44059936796863336
0.001685440096462138
0.18368995517692394
0.5
0.5
0.5
0.5
0.5
0.5
0.5
0.5
0.5
0.5
0.5
0.5
0.5
0.5
0.5
0.5
0.5
0.5
0.00469134775851341
0.5343606070455256
0.518230291877499
0.8025334971095271
0.5
0.5
0.5
0.5
