0.3333333333333333
0.3333333333333333
0.3333333333333333
0.3333333333333333
0.3333333333333333
0.3333333333333333
0.3333333333333333
0.3333333333333333
0.3333333333333333
0.3333333333333333
0.3333333333333333
0.3333333333333333
0.3333333333333333
0.3333333333333333
0.3333333333333333
0.3333333333333333
0.3333333333333333
0.3333333333333333
0.5
0.5
0.3333333333333333
0.3333333333333333
0.3333333333333333
0.3333333333333333
0.3333333333333333
0.3333333333333333
0.36473682835727306
0.37208574275972806
0.5
0.5
0.2655159180221118
0.00949872663714224
0.3333333333333333
0.3333333333333333
0.27083829399293835
0.25141497929861323
0.5
0.5
0.5
0.18011646157916955
0.28529250063827777
0.3333333333333333
0.3333333333333333
0.3333333333333333
0.3333333333333333
0.5
0.5
0.5
0.5
0.5
0.5
0.5
0.5
0.5
0.5
0.5
0.5
0.33232605227713863
0.3333235672987794
0.34187571935800487
0.3333333332169203
0.5406473106561124
0.08333333104653534
0.5
0.5
0.5
0.009664540966133324
0.027902913059498668
0.001977821440970565
0.25
0.25
0.25
0.25
0.25
0.25
0.25
0.25
0.25
0.5
0.03772020875587567
0.5
0.3333333333333333
0.3333333333333333
0.0016703221109100642
0.3333333333333333
0.3333333333333333
0.3333333333333333
0.5
0.17627101494143543
0.5
0.3333333333333333
0.3333333333333333
0.11209723962947035
0.3333333333333333
0.3333333333333333
0.3333333333333333
0.3333333333333333
0.3333333333333333
0.5541943689918669
0.5028945665355244
0.5558722943422336
0.6347153817128378
0.3641238700681538
0.3393665577081964
0.6030568162502203
0.5973538219695221
0.3473862122933044
0.5
0.5
0.5
0.5
0.5
0.5
0.5
0.5
0.5
0.5
0.5
0.5
0.5
0.5
0.5
0.5
0.5
0.5
0.5
0.5
0.5
0.0011059932349892637
0.6122648190713337
0.7776018539279753
0.6309010287608601
