0.5
0.5
0.5
0.5
0.5
0.5
0.5
0.5
0.1670216258305401
0.5
0.6918354448562669
0.7044128625157756
0.7424315157788097
0.7175638624577594
0.07674666279747318
0.3321230905901332
0.3333333333333333
0.3333333333333333
0.3333333333333333
0.3333333333333333
0.3333333333333333
0.3333333333333333
0.001258162783660341
0.02669403992476457
0.001773218671101362
0.001440785712820099
0.5
0.5
0.10780774914261257
0.4909747198681307
0.18797508907616423
0.5
0.5
0.5
0.5
0.5
0.5
0.5
0.5
0.5
0.5
0.5
0.5
0.5
0.5
0.5
0.5
0.5
0.5
0.5
0.5
0.8704119025149235
0.5
0.5
0.5
0.5
