0.3333333333333333
0.3333333333333333
0.3333333333333333
0.3333333333333333
0.3333333333333333
0.3333333333333333
0.5
0.5
0.5
0.5
0.5
0.5
0.7400398673922086
0.5587581059253782
0.7987690398774514
0.53125
0.3333333333333333
0.3333333333333333
0.3333333333333333
0.3333333333333333
0.3333333333333333
0.3333333333333333
0.19201449637756246
0.00295493102625991
0.3333333333333333
0.01826062558574685
0.003924215800619733
0.012161856364529364
0.08090166431640934
0.21907085969314297
0.4996082352576723
0.5
0.5
0.5
0.5
0.5
0.5
0.5
0.5
0.5
0.5
0.5
0.5
0.5
0.5
0.5
0.5
0.5
0.5
0.75
0.8519495591276602
0.525390625
