0.3333333333333333
0.3333333333333333
0.3333333333333333
0.3333333333333333
0.3333333333333333
0.3333333333333333
0.3333333333333333
0.3333333333333333
0.3333333333333333
0.3333333333333333
0.3333333333333333
0.3333333333333333
0.3333333333333333
0.3333333333333333
0.3333333333333333
0.3333333333333333
0.3333333333333333
0.3333333333333333
0.5
0.5
0.3333333333333333
0.3333333333333333
0.3333333333333333
0.3333333333333333
0.3333333333333333
0.3333333333333333
0.42578527799160426
0.2607034935582888
0.5
0.5
0.3317711363902681
0.08415422598130966
0.3333333333333333
0.3333333333333333
0.24111627859211934
0.039480641113418743
0.5
0.5
0.5
0.21648538573038303
0.3333333333333333
0.3333333333333333
0.2687424606389714
0.28020529988620724
0.3333333333333333
0.5
0.5
0.5
0.5
0.5
0.5
0.5
0.5
0.5
0.5
0.5
0.5
0.4796509693649931
0.33333333790378117
0.34910588420691974
0.33333333569781437
0.37466004194952857
0.33333333102455126
0.5
0.5
0.5
0.2454351193286233
0.0015054020446648997
0.002273943180704077
0.25
0.25
0.25
0.25
0.25
0.25
0.25
0.25
0.25
0.5
0.5
0.5
0.3333333333333333
0.3333333333333333
0.009735265570612012
0.3333333332914642
0.3333333333333333
0.3333333333333333
0.5
0.016359051798679525
0.5
0.3333333333333333
0.3333333333333333
0.1748857470314288
0.3333333333333333
0.3333333333333333
0.3333333333333333
0.3333333333333333
0.3333333333333333
0.6344692811290492
0.595198885449972
0.5229086238933187
0.5210525352315829
0.4774566730822401
0.33846040570894786
0.6537517957942567
0.4250801590893671
0.5734975407182223
0.5
0.5
0.5
0.5
0.5
0.5
0.5
0.5
0.5
0.5
0.5
0.5
0.5
0.5
0.5
0.5
0.5
0.5
0.5
0.5
0.5
0.0018462603552935608
0.5192248104533603
0.9182488772240198
0.7606473193983183
