0.5
0.5
0.5
0.5
0.5
0.5
0.5
0.5
0.46726701379649216
0.5
0.7309344984507046
0.6268335332405001
0.7808032839276324
0.5918263462639874
0.3304363818286811
0.2654582980741695
0.3333333333333333
0.3333333333333333
0.3333333333333333
0.3333333333333333
0.3333333333333333
0.3333333333333333
0.029506520845818562
0.060176749565769905
0.001589127423520042
0.006024499286142196
0.5
0.5
0.3978929832269599
0.24662471509692108
0.0016065774215956968
0.5
0.5
0.5
0.5
0.5
0.5
0.5
0.5
0.5
0.5
0.5
0.5
0.5
0.5
0.5
0.5
0.5
0.5
0.004520766518230857
0.8814348381687759
0.9090427562672301
0.5385461553303822
0.5
0.5
0.5
0.5
