0.5
0.5
0.5
0.5
0.5
0.5
0.5
0.5
0.0032415094721973637
0.5
0.5341004159015715
0.5889805408953738
0.8045100206588546
0.5136348961085991
0.006225011312484598
0.1213305250331463
0.3333333333333333
0.3333333333333333
0.3333333333333333
0.3333333333333333
0.3333333333333333
0.3333333333333333
0.15302575799544696
0.3272463367421295
0.018062561213424748
0.002072759194254259
0.5
0.5
0.146646112036822
0.43824230055331276
0.18332636441215258
0.5
0.5
0.5
0.5
0.5
0.5
0.5
0.5
0.5
0.5
0.5
0.5
0.5
0.5
0.5
0.5
0.5
0.5
0.5043281735876008
0.5623170080575013
0.9945809651285811
0.5
0.5
0.5
0.5
