0.5
0.5
0.5
0.5
0.5
0.5
0.5
0.5
0.4001085353345965
0.5
0.645642070226827
0.5517352131830595
0.6575544564068312
0.998359995258928
0.010818048521208254
0.05773879279373718
0.3333333333333333
0.3333333333333333
0.3333333333333333
0.3333333333333333
0.3333333333333333
0.3333333333333333
0.009509867966156174
0.1705972201990104
0.0011304182277839087
0.007578447061361584
0.5
0.5
0.25367390304767024
0.306515950786861
0.15586970347258633
0.5
0.5
0.5
0.5
0.5
0.5
0.5
0.5
0.5
0.5
0.5
0.5
0.5
0.5
0.5
0.5
0.5
0.5
0.9986147596941347
0.558751969354528
0.5466991797774836
0.5
0.5
0.5
0.5
