0.3333333333333333
0.3333333333333333
0.3333333333333333
0.3333333333333333
0.3333333333333333
0.3333333333333333
0.3333333333333333
0.3333333333333333
0.3333333333333333
0.3333333333333333
0.3333333333333333
0.3333333333333333
0.3333333333333333
0.3333333333333333
0.3333333333333333
0.3333333333333333
0.3333333333333333
0.3333333333333333
0.5
0.5
0.3333333333333333
0.3333333333333333
0.3333333333333333
0.3333333333333333
0.3333333333333333
0.3333333333333333
0.5019531138630517
0.11716222340487137
0.5
0.5
0.3333333333333333
0.3333333333333333
0.3333333333333333
0.3333333333333333
0.3333333333333333
0.3333333333333333
0.5
0.5
0.5
0.21700067855923877
0.25348826064319113
0.31553813669356456
0.3306408218709486
0.2588969164393714
0.2966811822336092
0.5
0.5
0.5
0.5
0.5
0.5
0.5
0.5
0.5
0.5
0.5
0.5
0.4583333333333333
0.3333333337742077
0.5429372560718861
0.33333333377418306
0.33723463151564204
0.3333333316171383
0.5
0.5
0.5
0.0021168944495880415
0.03203784598756866
0.00110346538815978
0.25
0.25
0.25
0.25
0.25
0.25
0.25
0.25
0.25
0.5
0.006100095778487857
0.5
0.3333333333333333
0.3333333333333333
0.020492384152233478
0.3333333333333333
0.3333333333333333
0.3333333333333333
0.5
0.0010132093177748214
0.5
0.3333333333333333
0.3333333333333333
0.06030350153791052
0.3333333333333333
0.3333333333333333
0.3333333333333333
0.3333333333333333
0.3333333333333333
0.5671797211955213
0.5174924499058626
0.5234292684415064
0.6339673434281793
0.365015737229161
0.3528938811022957
0.6410230743386444
0.3536513066277937
0.44370932536344765
0.5
0.5
0.5
0.5
0.5
0.5
0.5
0.5
0.5
0.5
0.5
0.5
0.5
0.5
0.5
0.5
0.5
0.5
0.5
0.5
0.5
0.0012384028760786502
0.868191725457248
0.7553641695341264
0.5145737548565567
