0.5
0.5
0.5
0.5
0.5
0.5
0.5
0.5
0.403016987108853
0.5
0.7191735550603806
0.6330239041973279
0.9486182315457031
0.5536753022511426
0.007205972587883136
0.006633666950581922
0.3333333333333333
0.3333333333333333
0.3333333333333333
0.3333333333333333
0.3333333333333333
0.3333333333333333
0.022910158430484297
0.012218081147979398
0.0018016508034001191
0.001922183864953191
0.5
0.5
0.46158385241520167
0.003957643895987464
0.15064908864241977
0.5
0.5
0.5
0.5
0.5
0.5
0.5
0.5
0.5
0.5
0.5
0.5
0.5
0.5
0.5
0.5
0.5
0.5
0.0018234812266615516
0.6813296508644952
0.7866416245083347
0.5928868673792257
0.5
0.5
0.5
0.5
