0.3333333333333333
0.3333333333333333
0.3333333333333333
0.3333333333333333
0.3333333333333333
0.3333333333333333
0.5
0.5
0.5
0.5
0.5
0.5
0.7276123586695016
0.5938146231284386
0.7423235558658582
0.7168449866214495
0.3333333333049244
0.1825512944274403
0.3333333333333333
0.15917327895250294
0.333333333247157
0.3356015043141621
0.004981861598189582
0.0408399103327492
0.005472653859548324
0.2645290874461337
0.230961586271033
0.03817091893028399
0.23827885684357014
0.1163283264451132
0.41560787384660797
0.5
0.5
0.5
0.5
0.5
0.5
0.5
0.5
0.5
0.5
0.5
0.5
0.5
0.5
0.5
0.3095515120738615
0.49646316583671435
0.46364561781325386
0.7213191369230298
0.5010441153129473
0.9984430348812403
