0.5
0.5
0.5
0.5
0.5
0.5
0.5
0.5
0.3441760882817058
0.5
0.6319180791842863
0.6167971806217656
0.6822410902340638
0.9183951167527895
0.1995787426705944
0.21495565744663012
0.3333333333333333
0.3333333333333333
0.3333333333333333
0.3333333333333333
0.3333333333333333
0.3333333333333333
0.09028258485051739
0.0020817096147111754
0.26378816961522983
0.29946267211768335
0.5
0.49999999994082145
0.46656167956893074
0.0010268906207768509
0.14644661106819978
0.5
0.5
0.5
0.5
0.5
0.5
0.5
0.5
0.5
0.5
0.5
0.5
0.5
0.5
0.5
0.5
0.5
0.5
0.001674314982948455
0.6190185439571037
0.9717891195896137
0.531422904491125
0.5
0.5
0.5
0.5
