0.3333333333333333
0.3333333333333333
0.3333333333333333
0.3333333333333333
0.3333333333333333
0.3333333333333333
0.3333333333333333
0.3333333333333333
0.3333333333333333
0.3333333333333333
0.3333333333333333
0.3333333333333333
0.3333333333333333
0.3333333333333333
0.3333333333333333
0.3333333333333333
0.3333333333333333
0.3333333333333333
0.5
0.5
0.3333333333333333
0.3333333333333333
0.3333333333333333
0.3333333333333333
0.3333333333333333
0.3333333333333333
0.5
0.12558135532982845
0.5
0.5
0.3333333333333333
0.3333333333333333
0.3333333333333333
0.3333333333333333
0.3333333333333333
0.3333333333333333
0.5
0.5
0.5
0.3415368818714468
0.3333333333333333
0.3302093607430629
0.3005925227719053
0.17412064017170645
0.3314021583111809
0.5
0.5
0.5
0.5
0.5
0.5
0.5
0.5
0.5
0.5
0.5
0.5
0.46583306810845826
0.3333333333333333
0.34862569751616357
0.3333333333333333
0.3885590700780065
0.3333333333333333
0.5
0.5
0.5
0.03171321662355325
0.0014675185004448285
0.004091335037819232
0.25
0.25
0.25
0.25
0.25
0.25
0.25
0.25
0.25
0.5
0.1996493909325442
0.5
0.3333333333333333
0.3333333333333333
0.2530882705614823
0.3333333333333333
0.3333333333333333
0.3333333333333333
0.5
0.22766852154107112
0.5
0.3333333333333333
0.3333333333333333
0.32988762706594105
0.3333333333333333
0.3333333302190092
0.3333333332256753
0.3333333333333333
0.3333333333333333
0.8527699153971567
0.5
0.5
0.42116311633233067
0.5766300008391372
0.5385841516397034
0.4060353464411724
0.6182575312397625
0.36751771355982304
0.5
0.5
0.5
0.5
0.5
0.5
0.5
0.5
0.5
0.5
0.5
0.5
0.5
0.5
0.5
0.5
0.5
0.5
0.5
0.5
0.5
0.0026073035990939897
0.5018697315451535
0.9264233669682582
0.6130470226306647
