0.5
0.5
0.5
0.5
0.5
0.5
0.5
0.5
0.25656623046021065
0.5
0.5040637126061953
0.5113445902082256
0.7814137539182424
0.5902356027873354
0.008301804725060986
0.08107125586880191
0.3333333333333333
0.3333333333333333
0.3333333333333333
0.3333333333333333
0.3333333333333333
0.3333333333333333
0.015048279253875946
0.0555504390360789
0.001184911732379507
0.0016361891509922566
0.5
0.5
0.241749675649482
0.008561600027704537
0.4718281335758864
0.5
0.5
0.5
0.5
0.5
0.5
0.5
0.5
0.5
0.5
0.5
0.5
0.5
0.5
0.5
0.5
0.5
0.5
0.6446618675341798
0.5034772782179473
0.7544878757216862
0.5
0.5
0.5
0.5
