0.5
0.5
0.5
0.5
0.5
0.5
0.5
0.5
0.40034441993301567
0.5
0.5491359840406818
0.6052115570586597
0.8327716182215593
0.5066625225141974
0.11679130129275755
0.11368900323414323
0.3333333333333333
0.3333333333333333
0.3333333333333333
0.3333333333333333
0.3333333333333333
0.3333333333333333
0.04752975408709363
0.21559390229232955
0.14775036361800484
0.029079055965684122
0.5
0.5
0.23989590335006322
0.0011598900465587655
0.4815357806307605
0.5
0.5
0.5
0.5
0.5
0.5
0.5
0.5
0.5
0.5
0.5
0.5
0.5
0.5
0.5
0.5
0.5
0.5
0.003370716270088082
0.6061810703929356
0.6275445438455604
0.7110746582041602
0.5
0.5
0.5
0.5
