0.3333333333333333
0.3333333333333333
0.3333333333333333
0.3333333333333333
0.3333333333333333
0.3333333333333333
0.3333333333333333
0.3333333333333333
0.3333333333333333
0.3333333333333333
0.3333333333333333
0.3333333333333333
0.3333333333333333
0.3333333333333333
0.3333333333333333
0.3333333333333333
0.3333333333333333
0.3333333333333333
0.5
0.5
0.3333333333333333
0.3333333333333333
0.3333333333333333
0.3333333333333333
0.3333333333333333
0.3333333333333333
0.4609462985905841
0.19698259856017175
0.5
0.5
0.3333333333333333
0.3333333333333333
0.3333333333333333
0.3333333333333333
0.3333333333333333
0.3333333333333333
0.5
0.5
0.5
0.3333333333333333
0.32252529483366216
0.25908260036337416
0.2889311133327727
0.19478380832536346
0.3333333333333333
0.5
0.5
0.5
0.5
0.5
0.5
0.5
0.5
0.5
0.5
0.5
0.5
0.3507052614423439
0.3333333364739375
0.3629796864345636
0.3333333341165594
0.4988293958807891
0.3333333327125137
0.5
0.5
0.5
0.005432162910695468
0.00990568038336793
0.03143477123363142
0.25
0.25
0.25
0.25
0.25
0.25
0.25
0.25
0.25
0.5
0.0012333316158404314
0.5
0.3333333333333333
0.3333333333333333
0.004652140624235034
0.3333333333333333
0.3333333333333333
0.3333333333333333
0.5
0.0020779691988236267
0.5
0.3333333333333333
0.3333333333333333
0.033858972229705464
0.3333333333333333
0.3333333333333333
0.3333333333333333
0.3333333333333333
0.3333333333333333
0.5929859060142351
0.524881290183111
0.5183810094837018
0.6631113570161351
0.33554957590408574
0.6175495410645819
0.37512654278542035
0.3334367365792317
0.6650759973475182
0.5
0.5
0.5
0.5
0.5
0.5
0.5
0.5
0.5
0.5
0.5
0.5
0.5
0.5
0.5
0.5
0.5
0.5
0.5
0.5
0.5
0.0022313794571806045
0.6552184773331314
0.6460381426817225
0.6719728289678626
