0.5
0.5
0.5
0.5
0.5
0.5
0.5
0.5
0.3928632092709829
0.5
0.6634466335403579
0.7899040553801315
0.8086022747339981
0.5
0.0012695342862316036
0.001543734707862969
0.3333333333333333
0.3333333333333333
0.3333333333333333
0.3333333333333333
0.3333333333333333
0.3333333333333333
0.17887364466759523
0.011130611879966838
0.09750595789977784
0.0018392390903279269
0.5
0.5
0.001207698997643225
0.4321972338226976
0.4048309053100489
0.5
0.5
0.5
0.5
0.5
0.5
0.5
0.5
0.5
0.5
0.5
0.5
0.5
0.5
0.5
0.5
0.5
0.5
0.9895573635143132
0.63156466918099
0.5158147303227361
0.5
0.5
0.5
0.5
