0.3333333333333333
0.3333333333333333
0.3333333333333333
0.3333333333333333
0.3333333333333333
0.3333333333333333
0.3333333333333333
0.3333333333333333
0.3333333333333333
0.3333333333333333
0.3333333333333333
0.3333333333333333
0.3333333333333333
0.3333333333333333
0.3333333333333333
0.3333333333333333
0.3333333333333333
0.3333333333333333
0.5
0.5
0.3333333333333333
0.3333333333333333
0.3333333333333333
0.3333333333333333
0.3333333333333333
0.3333333333333333
0.31009552787410066
0.4706932528316754
0.5
0.5
0.3333333333333333
0.3333333333333333
0.3333333333333333
0.3333333333333333
0.3333333333333333
0.3333333333333333
0.5
0.5
0.5
0.16665394580266557
0.3333333333333333
0.32501467617307295
0.26717683595371333
0.17255808739592998
0.20386945512783658
0.5
0.5
0.5
0.5
0.5
0.5
0.5
0.5
0.5
0.5
0.5
0.5
0.3291955242245941
0.3332293193788431
0.34132883978572576
0.3333333333333333
0.527340606568216
0.33333333649130104
0.5
0.5
0.5
0.0012089430986096056
0.002534220093852596
0.0019194541778135427
0.25
0.25
0.25
0.25
0.25
0.25
0.25
0.25
0.25
0.5
0.001381619281264247
0.5
0.3333333333333333
0.3333333333333333
0.02669034047734955
0.3333333333333333
0.3333333333333333
0.3333333333333333
0.5
0.2049667027449434
0.5
0.3333333333333333
0.3333333333333333
0.007795665421322014
0.3333333333333333
0.3333333333333333
0.3333333333333333
0.3333333333333333
0.3333333333333333
0.60081553409516
0.5454843306525754
0.5139908998124502
0.40374330197002184
0.594440106254423
0.47629511940052227
0.5015515374262518
0.4055816300208664
0.5932588071739506
0.5
0.5
0.5
0.5
0.5
0.5
0.5
0.5
0.5
0.5
0.5
0.5
0.5
0.5
0.5
0.5
0.5
0.5
0.5
0.5
0.5
0.0015472010456558446
0.8987874568196894
0.5563907990835074
0.599298828177979
