0.5
0.5
0.5
0.5
0.5
0.5
0.5
0.5
0.3184961673690912
0.5
0.5574511749002864
0.7754286397965154
0.6569635352632012
0.9989196933302655
0.29121378118990826
0.0011691390398346465
0.3333333333333333
0.3333333333333333
0.3333333333333333
0.3333333333333333
0.3333333333333333
0.3333333333333333
0.030701047801104844
0.004400994056064295
0.009037234223342334
0.0014133541538040107
0.5
0.5
0.44070106467235515
0.1796881864302116
0.005393969974886001
0.5
0.5
0.5
0.5
0.5
0.5
0.5
0.5
0.5
0.5
0.5
0.5
0.5
0.5
0.5
0.5
0.5
0.5
0.5012284637819334
0.9796710462329116
0.5867534408505966
0.5
0.5
0.5
0.5
