0.5
0.5
0.5
0.5
0.5
0.5
0.5
0.5
0.3207191630727825
0.5
0.7673527056463341
0.5057861397527061
0.6649541610787452
0.9751970800517564
0.002648075985759356
0.11279810340937427
0.3333333333333333
0.3333333333333333
0.3333333333333333
0.3333333333333333
0.3333333333333333
0.3333333333333333
0.005171951259469187
0.005663574596494688
0.0037581010918517344
0.018081433994052733
0.5
0.5
0.28458534800989854
0.4141687361013843
0.0023370713914361283
0.5
0.5
0.5
0.5
0.5
0.5
0.5
0.5
0.5
0.5
0.5
0.5
0.5
0.5
0.5
0.5
0.5
0.5
0.0027743440200326853
0.5
0.7703582733462593
0.7232484589816894
0.5
0.5
0.5
0.5
