0.5
0.5
0.5
0.5
0.5
0.5
0.5
0.5
0.3637769591141473
0.5
0.6056785911408579
0.8190503675264115
0.642161882730727
0.9980542266856616
0.06525179687258492
0.0026930607174599913
0.3333333333333333
0.3333333333333333
0.3333333333333333
0.3333333333333333
0.3333333333333333
0.3333333333333333
0.00259693692964754
0.3325529192069733
0.007792437236641095
0.0011729800038748736
0.5
0.5
0.0822314497008891
0.4963224650025094
0.2203210183570348
0.5
0.5
0.5
0.5
0.5
0.5
0.5
0.5
0.5
0.5
0.5
0.5
0.5
0.5
0.5
0.5
0.5
0.5
0.9986014920351403
0.6244087482284949
0.5146681753900797
0.5
0.5
0.5
0.5
