0.3333333333333333
0.3333333333333333
0.3333333333333333
0.3333333333333333
0.3333333333333333
0.3333333333333333
0.3333333333333333
0.3333333333333333
0.3333333333333333
0.3333333333333333
0.3333333333333333
0.3333333333333333
0.3333333333333333
0.3333333333333333
0.3333333333333333
0.3333333333333333
0.3333333333333333
0.3333333333333333
0.5
0.5
0.3333333333333333
0.3333333333333333
0.3333333333333333
0.3333333333333333
0.3333333333333333
0.3333333333333333
0.3136570289816614
0.46434401488851973
0.5
0.5
0.3333333333333333
0.3333333333333333
0.3333333333333333
0.3333333333333333
0.3333333333333333
0.3333333333333333
0.5
0.5
0.5
0.3333333333333333
0.23819029034122982
0.3333333333333333
0.2971789768449028
0.21368437186286626
0.3333333333333333
0.5
0.5
0.5
0.5
0.5
0.5
0.5
0.5
0.5
0.5
0.5
0.5
0.3333333333333333
0.33333333332804654
0.3848156229947835
0.3333333337867504
0.5100034501445958
0.33333333333669674
0.5
0.5
0.5
0.00603514149727531
0.02996531407286862
0.002129360278251857
0.25
0.25
0.25
0.25
0.25
0.25
0.25
0.25
0.25
0.5
0.00195996572845719
0.5
0.3333333333333333
0.3333333333333333
0.05444927933047117
0.33333333333669674
0.3333333333333333
0.3333333333333333
0.5
0.005265896522714267
0.5
0.3333333333333333
0.3333333333333333
0.05824739764749293
0.3333333333333333
0.3333333333333333
0.3333333333333333
0.3333333333333333
0.3333333333333333
0.6767766952966369
0.5
0.5
0.5917362656184514
0.4066403003188296
0.34940012202955584
0.6493911679354761
0.6506600133487879
0.34758919564573443
0.5
0.5
0.5
0.5
0.5
0.5
0.5
0.5
0.5
0.5
0.5
0.5
0.5
0.5
0.5
0.5
0.5
0.5
0.5
0.5
0.5
0.0032064374578277327
0.6016094183335382
0.5132072298530924
0.773913915150028
