0.5
0.5
0.5
0.5
0.5
0.5
0.5
0.5
0.4974795585750855
0.5
0.717580914123236
0.6362003732870685
0.7693466299491688
0.6298691887839836
0.031042918114386087
0.0047012066883676635
0.3333333333333333
0.3333333333333333
0.3333333333333333
0.3333333333333333
0.3333333333333333
0.3333333333333333
0.21671359122309433
0.001980758404296755
0.08052723920582175
0.0019074266588143577
0.5
0.5
0.4917782566898779
0.10719825784439146
0.001592671819185901
0.5
0.5
0.5
0.5
0.5
0.5
0.5
0.5
0.5
0.5
0.5
0.5
0.5
0.5
0.5
0.5
0.5
0.5
0.0024006055097587817
0.8177257278824485
0.8317531017966185
0.5017361846846472
0.5
0.5
0.5
0.5
