0.3333333333333333
0.3333333333333333
0.3333333333333333
0.3333333333333333
0.3333333333333333
0.3333333333333333
0.3333333333333333
0.3333333333333333
0.3333333333333333
0.3333333333333333
0.3333333333333333
0.3333333333333333
0.3333333333333333
0.3333333333333333
0.3333333333333333
0.3333333333333333
0.3333333333333333
0.3333333333333333
0.5
0.5
0.3333333333333333
0.3333333333333333
0.3333333333333333
0.3333333333333333
0.3333333333333333
0.3333333333333333
0.35840602893478524
0.38337203011351295
0.5
0.5
0.3333333333333333
0.3333333333333333
0.3333333333333333
0.3333333333333333
0.3333333333333333
0.3333333333333333
0.5
0.5
0.5
0.21743026246061578
0.3333333333333333
0.3333333333333333
0.3333333333333333
0.21743026246061578
0.3333333333333333
0.5
0.5
0.5
0.5
0.5
0.5
0.5
0.5
0.5
0.5
0.5
0.5
0.5187103170406706
0.3333333333333333
0.3373067883352838
0.3333333333333333
0.33917935025475665
0.3333333333399534
0.5
0.5
0.5
0.0017355215903524695
0.0020550861644301477
0.0017838054078874663
0.25
0.25
0.25
0.25
0.25
0.25
0.25
0.25
0.25
0.5
0.001430103973088689
0.5
0.3333333333333333
0.3333333333333333
0.0033398416132763703
0.33333333311932395
0.3333333333333333
0.3333333333333333
0.5
0.22265545001705148
0.5
0.3333333333333333
0.3333333333333333
0.03704985822275625
0.3333333333333333
0.3333333333333333
0.3333333333333333
0.3333333333333333
0.3333333333333333
0.5466234835907523
0.5008346424841452
0.565366788623192
0.3952718894626129
0.6032886265717496
0.42030783415777145
0.5786063585865371
0.6458333333333333
0.3522188750044582
0.5
0.5
0.5
0.5
0.5
0.5
0.5
0.5
0.5
0.5
0.5
0.5
0.5
0.5
0.5
0.5
0.5
0.5
0.5
0.5
0.5
0.0017908695132215352
0.6462701200559778
0.5056143829746094
0.711836191230679
