0.5
0.5
0.5
0.5
0.5
0.5
0.5
0.5
0.4002798432432308
0.5
0.6202272548121892
0.8901967446974345
0.6573038405777993
0.9989190764830934
0.08068132917082754
0.0036085702634692583
0.3333333333333333
0.3333333333333333
0.3333333333333333
0.3333333333333333
0.3333333333333333
0.3333333333333333
0.001207069000535964
0.1380335908603288
0.14449526025018325
0.09766894986813039
0.5
0.5
0.25194074841175845
0.00900965770588579
0.45580582638352496
0.5
0.5
0.5
0.5
0.5
0.5
0.5
0.5
0.5
0.5
0.5
0.5
0.5
0.5
0.5
0.5
0.5
0.5
0.5581051366827832
0.5625
0.7685346383622313
0.5
0.5
0.5
0.5
