0.5
0.5
0.5
0.5
0.5
0.5
0.5
0.5
0.40738741884837587
0.5
0.732208405256497
0.5965129359938818
0.7798364251789163
0.5955701419011735
0.2443032088313599
0.020756168589689736
0.3333333333333333
0.3333333333333333
0.3333333333333333
0.3333333333333333
0.3333333333333333
0.3333333333333333
0.0029279558164749947
0.03622254917084344
0.0026568145365457444
0.0025401784250945565
0.5
0.5
0.40656722275153645
0.0013315643971887764
0.23544870145240254
0.5
0.5
0.5
0.5
0.5
0.5
0.5
0.5
0.5
0.5
0.5
0.5
0.5
0.5
0.5
0.5
0.5
0.5
0.002453639540064164
0.6765616501641404
0.5250576103338017
0.7290273822236994
0.5
0.5
0.5
0.5
