0.33308876465038056
0.5005298999646183
0.48605734972796544
0.4860523973609678
0.5
0.5
0.5
0.5
0.49004983464986424
0.49869612077444936
0.5578355279728284
0.47277228368369756
0.6585782033483388
0.9743811545037923
0.19516141376315982
0.0027884531485112816
0.306095263022306
0.2845827586933503
0.26527805704417257
0.2983403722349202
0.3304270877310591
0.30702299310292547
0.009038353417629
0.06202477753608484
0.01904811739170087
0.1427282617143812
0.6055198504952616
0.8167252877024038
0.4331700853952656
0.44069580382637624
0.4890318288351512
0.5
0.5
0.5
0.5
0.5
0.5
0.5
0.5
0.5
0.5
0.5
0.5
0.4999477376496914
0.469804980422309
0.4734759481210598
0.17226467337861268
0.4266532268659961
0.2940516251862876
0.0035636024558598892
0.7569853425361874
0.5011428238162026
0.9901691360277154
0.4869848974379563
0.4769341024509214
0.47641841468574053
0.41402428436032934
