0.3333333333333333
0.3333333333333333
0.3333333333333333
0.3333333333333333
0.3333333333333333
0.3333333333333333
0.5
0.5
0.4999999999803421
0.5
0.5030029090280903
0.9756203452397082
0.33512998794351323
0.1382360452617825
0.3362434800655696
0.17406623440969748
0.33673670440897085
0.3309134714725856
0.5563951394568732
0.48031753539402366
0.20584321916269785
0.47721532389498617
0.5
0.5
0.5
0.5
0.5
0.5
0.5
0.5
0.5
0.5
0.5
0.5
0.5
0.5
0.5
0.33962500077699115
0.376031242605052
0.503481682680066
0.5133726673623279
0.6675751895422417
0.4938674011084321
