0.3333333333333333
0.3333333333333333
0.3333333333333333
0.3333333333333333
0.3333333333333333
0.3333333333333333
0.5
0.5
0.5
0.5
0.4999999999939403
0.5
0.7583119735719936
0.509443465289618
0.5827004114754328
0.8605917580874519
0.3333333333426346
0.15770648360584025
0.3333333333337901
0.1638529658866172
0.37237735581773596
0.11404357258787534
0.32345681309428126
0.21844808138701047
0.12743353894829348
0.22249998350124173
0.08613710145120296
0.3216851169288535
0.5022388955306752
0.3744091443303509
0.24442946653899447
0.5
0.5
0.5
0.5
0.5
0.5
0.5
0.5
0.5
0.5
0.5
0.5
0.5
0.5
0.5
0.39104056653742636
0.3372251167191721
0.4054167620389647
0.5913259535858465
0.4988720353649186
0.5020770497191194
