0.3333333333333333
0.3333333333333333
0.3333333333333333
0.3333333333333333
0.3333333333333333
0.3333333333333333
0.5
0.5
0.4999999999760339
0.5
0.5447287226118073
0.9692848980432269
0.33345643015430865
0.24120910050504776
0.33660524556205423
0.30997830042947977
0.33487917416423724
0.16528646266409483
0.5361220479715776
0.2731544533889398
0.4501480874204785
0.4315632148345623
0.5
0.5
0.5
0.5
0.5
0.5
0.5
0.5
0.5
0.5
0.5
0.5
0.5
0.5
0.5
0.40163018416842555
0.33548549288347224
0.3792645730886545
0.5
0.5280292971690047
0.5280766559272088
