0.3333333333333333
0.3333333333333333
0.3333333333333333
0.3333333333333333
0.3333333333333333
0.3333333333333333
0.5
0.5
0.5
0.5
0.5000000000088644
0.5
0.7219832522087402
0.6151901742636188
0.7338459051582753
0.753626671457051
0.34823950629970424
0.29743450800546284
0.358293563576502
0.23779039462795165
0.3371010100777225
0.19207794720866128
0.05190419124743604
0.31564478884202957
0.29810629209264644
0.21595601684960963
0.3264900137036426
0.19216015319215482
0.35955156370584335
0.42290952041730323
0.4308637695666431
0.5
0.5
0.5
0.5
0.5
0.5
0.5
0.5
0.5
0.5
0.5
0.5
0.5
0.5
0.5
0.3583570641392073
0.38472179279226554
0.44524383535534795
0.6938503424866151
0.4746284153741848
0.6609677377135545
