0.3333333333333333
0.3333333333333333
0.3333333333333333
0.3333333333333333
0.3333333333333333
0.3333333333333333
0.5
0.5
0.4999999999703093
0.5
0.7614419343304536
0.5
0.3343644310658432
0.30881627693682934
0.3366177717783216
0.2111411273942798
0.3499946118495335
0.22870064720752445
0.5176382512933586
0.37852475438581457
0.4939061227185426
0.5005960422080326
0.5
0.5
0.5
0.5
0.5
0.5
0.5
0.5
0.5
0.5
0.5
0.5
0.5
0.5
0.5
0.3557926291290085
0.34745240429705687
0.48842171707291776
0.5264572133979203
0.5293709167781668
0.5033575661591253
