0.9812785243073133
0.712740562114696
0.5
0.5
0.5
0.5
0.5
0.5
0.4988181660429407
0.499802010978496
0.6362123961271302
0.4870791919768492
0.7578760624837746
0.5125529086027727
0.22089189108873017
0.08949094505814469
0.3219577245513209
0.31892811937558735
0.3267452972510671
0.2747665190292954
0.40728850847233783
0.3014923808124621
0.06532447443893627
0.013257252230210794
0.15981321223351175
0.14892442753504717
0.821574264325364
0.9390020358562986
0.30187963176903165
0.18529615495178603
0.22846726443191545
0.5
0.5
0.5
0.5
0.5
0.5
0.5
0.5
0.5
0.5
0.5
0.5
0.4373564959893675
0.47466087237115134
0.48537003626842823
0.241921437354391
0.20125339193842443
0.12385504795669883
0.45560488172428537
0.5589229466842616
0.5
0.5035067551215111
0.41550749749271265
0.440386178309247
0.5021810728225927
0.48341178561644804
