0.3333333333333333
0.3333333333333333
0.3333333333333333
0.3333333333333333
0.3333333333333333
0.3333333333333333
0.5
0.5
0.5
0.5
0.49999999996425387
0.4999999999999126
0.6724429475772286
0.5289000124518038
0.7584652908161863
0.5089180820778567
0.3393774078381307
0.32873087473512413
0.3413285790146504
0.13593483980283094
0.3562401346138348
0.285614127039234
0.3333333333333333
0.21424189950308967
0.277488765255622
0.09896499152796945
0.15372895816688448
0.308915500460221
0.3408720689801923
0.4853385083052221
0.3743887055749904
0.5
0.5
0.5
0.5
0.5
0.5
0.5
0.5
0.5
0.5
0.5
0.5
0.5
0.5
0.5
0.3712182064777
0.3198367673653607
0.4758665110641125
0.5
0.5029515235103188
0.5390601375164886
