5.284079794302851685e-01
5.331362652001900848e-01
4.760552107442984071e-01
5.187105724968418263e-01
5.000000000000000000e-01
5.000000000000000000e-01
5.000000000000000000e-01
5.000000000000000000e-01
4.661124175289458327e-01
4.985777483423253775e-01
5.402599549627774556e-01
5.102163957104166592e-01
6.886899858150153930e-01
6.871418477308076644e-01
1.838636676763630295e-01
8.931491822396800395e-02
3.192023929458977505e-01
3.057942507625335815e-01
2.473601867152197542e-01
2.264005974121271192e-01
3.363581054722234454e-01
2.974526068519981470e-01
1.378529998422625968e-01
1.334362664666935427e-01
1.897616810433267465e-01
1.199963542091160573e-01
7.025168499708160930e-01
8.098613371817739992e-01
2.815215118425614671e-01
2.633584795477078577e-01
4.128247914045296563e-01
5.000000000000000000e-01
5.000000000000000000e-01
5.000000000000000000e-01
5.000000000000000000e-01
5.000000000000000000e-01
5.000000000000000000e-01
5.000000000000000000e-01
5.000000000000000000e-01
5.000000000000000000e-01
5.000000000000000000e-01
5.000000000000000000e-01
5.000000000000000000e-01
4.640359401103381076e-01
4.887498318251932150e-01
4.865288776011362226e-01
2.602641589929560739e-01
2.382956035807291539e-01
1.658471589344962527e-01
3.611522803839878337e-01
6.057754536542134804e-01
5.593857716783245948e-01
5.969130918432405952e-01
4.556223701402956072e-01
4.425537054955580030e-01
4.762613923920485659e-01
4.667857220798818929e-01
