0.3333333333333333
0.3333333333333333
0.3333333333333333
0.3333333333333333
0.3333333333333333
0.3333333333333333
0.5
0.5
0.5
0.5
0.499999999222231
0.5
0.7907012635662024
0.5195516584376282
0.7598351092164984
0.48321678169030974
0.33931721532716136
0.3305305505935347
0.34387001833078473
0.10976875333280156
0.3638162915834083
0.2142445056291432
0.3389892664902454
0.16612233037708682
0.21101242036503332
0.15610564804014007
0.1648706136978827
0.25479038063953147
0.4200565974797498
0.46538735327443564
0.5076578350690644
0.5
0.5
0.5
0.5
0.5
0.5
0.5
0.5
0.5
0.5
0.5
0.5
0.5
0.5
0.5
0.3812225109129663
0.400014910517827
0.3674309148042254
0.5315637305472812
0.5241603442532317
0.5629819120540464
