0.3888484880383726
0.43133144136479445
0.5
0.5
0.5
0.5
0.5
0.5
0.40848209394869806
0.49554694498179225
0.5012549096455966
0.5006081854698056
0.7123444382096064
0.5767451997114169
0.0013076989837708872
0.008342376413761333
0.2991603627787259
0.246039972069815
0.12809027710885593
0.28064593758002776
0.3143978797346872
0.40148327895635094
0.003427571263708987
0.26601969291021943
0.2324735852781436
0.0033359767859394316
0.9984146769916754
0.6767863436761293
0.4299075393356931
0.01506957806788737
0.2518877431203498
0.5
0.5
0.5
0.5
0.5
0.5
0.5
0.5
0.5
0.5
0.5
0.5
0.3103781803906899
0.4966486470310624
0.4702093091141901
0.17844533452603759
0.4093136349886024
0.10806065299383708
0.4973179876099656
0.49173105142419654
0.5226567200782691
0.6301551447560956
0.4828270628951235
0.4590028543575718
0.46884199885480704
0.4763417290449536
