0.5101131085886561
0.5235679210612988
0.010066224546251445
0.6355331840074612
0.5
0.5
0.5
0.5
0.4411413508463823
0.49843215802351587
0.4637430298320372
0.4961510624918517
0.672405117559588
0.5
0.16799490491347904
0.03130025495141718
0.3262300284491614
0.309826403108797
0.22371773412068455
0.08012420532632164
0.33985340659195606
0.3220648400097498
0.0012017570716805204
0.0011976161191943884
0.31556377077483533
0.06603115758155993
0.5355280039008459
0.9889345330847541
0.04020546830004054
0.37244945765914483
0.4986852488763558
0.5
0.5
0.5
0.5
0.5
0.5
0.5
0.5
0.5
0.5
0.5
0.5
0.49847240400313436
0.4997585672598772
0.4989841963060305
0.4785554225798114
0.31373876602351947
0.15126657177266192
0.5
0.6969660478591618
0.9984366468411446
0.4317924987124545
0.4346927109615879
0.343521222234922
0.47587890476261596
0.4574755386354407
