5.000000000000000000e-01
5.000000000000000000e-01
5.000000000000000000e-01
5.000000000000000000e-01
6.916729667256722447e-01
6.549246918180732235e-01
7.272474347600559330e-01
7.642983963241040124e-01
3.009081022161200769e-01
3.512814241140784777e-01
4.165700690475968027e-01
5.000000000000000000e-01
5.000000000000000000e-01
5.000000000000000000e-01
5.000000000000000000e-01
5.000000000000000000e-01
5.000000000000000000e-01
5.000000000000000000e-01
5.000000000000000000e-01
5.000000000000000000e-01
5.000000000000000000e-01
5.000000000000000000e-01
5.000000000000000000e-01
5.000000000000000000e-01
5.000000000000000000e-01
5.000000000000000000e-01
3.434137370607268647e-01
4.054811834897602552e-01
3.813387054053375413e-01
5.616472848857184674e-01
6.011522448022060816e-01
5.902043986816202237e-01
