0.3333333333333333
0.3333333333333333
0.3333333333333333
0.3333333333333333
0.3333333333333333
0.3333333333333333
0.5
0.5
0.500000000181005
0.5
0.74215242002192
0.5273779470600009
0.33873075881367515
0.2971302373347346
0.33969720448643176
0.1670083940831186
0.3422395203890913
0.2801361925630267
0.7676116644703611
0.3077663378597268
0.24661878532687423
0.4874993402862611
0.5
0.5
0.5
0.5
0.5
0.5
0.5
0.5
0.5
0.5
0.5
0.5
0.5
0.5
0.5
0.3866810361379537
0.4665657053217556
0.2855882163870241
0.5132049238184309
0.6020660319070407
0.5
