3.333333333333333703e-01
3.333333333333333703e-01
3.333333333333333703e-01
3.333333333333333703e-01
3.333333333333333703e-01
3.333333333333333703e-01
5.000000000000000000e-01
5.000000000000000000e-01
5.000000000000000000e-01
5.000000000000000000e-01
4.999999999153882935e-01
4.999999999999912847e-01
7.275385332139987504e-01
5.920324046654166228e-01
6.821814986531616887e-01
7.249760679640815386e-01
3.395519324281541795e-01
2.460469038638915529e-01
3.436022070447724563e-01
2.431897470771098302e-01
3.505890108885271195e-01
2.176856432243866046e-01
2.337551551241157100e-01
1.630514692573699354e-01
2.545917837567898689e-01
2.112448819068862282e-01
2.537226532839385595e-01
2.352093079443077495e-01
3.542164106854857053e-01
4.228189364416540252e-01
3.688490699076832913e-01
5.000000000000000000e-01
5.000000000000000000e-01
5.000000000000000000e-01
5.000000000000000000e-01
5.000000000000000000e-01
5.000000000000000000e-01
5.000000000000000000e-01
5.000000000000000000e-01
5.000000000000000000e-01
5.000000000000000000e-01
5.000000000000000000e-01
5.000000000000000000e-01
5.000000000000000000e-01
5.000000000000000000e-01
5.000000000000000000e-01
3.512547707797638585e-01
4.019106884114669320e-01
4.463618410455080787e-01
5.495736399660664517e-01
5.169943389736639805e-01
5.661642620569413697e-01
