0.3333333333333333
0.3333333333333333
0.3333333333333333
0.3333333333333333
0.3333333333333333
0.3333333333333333
0.5
0.5
0.5
0.5
0.4999999999939388
0.5
0.6949374197741284
0.52751695745879
0.6331801431678732
0.8489603749517849
0.38582463827055336
0.22787631343909623
0.3492381097096115
0.28259872512756967
0.3348938321560269
0.16550539543285975
0.317478669282028
0.1617015214188788
0.16022265069784783
0.08007965790947169
0.3133388382060846
0.3313194326255885
0.21358800329441247
0.35107701431147337
0.28372107647277617
0.5
0.5
0.5
0.5
0.5
0.5
0.5
0.5
0.5
0.5
0.5
0.5
0.5
0.5
0.5
0.3415102804772979
0.47368359759086814
0.46670896293169745
0.4226671675476037
0.4987215746503063
0.5
