0.3333333333333333
0.3333333333333333
0.3333333333333333
0.3333333333333333
0.3333333333333333
0.3333333333333333
0.5
0.5000000002249583
0.4999999999955025
0.5
0.6665839756055196
0.9566895939690696
0.3411085870532039
0.32160297915327035
0.3354275223179629
0.3110773790603839
0.35932583064195533
0.11856926360855324
0.9238100374306095
0.184987467525643
0.37510283618905876
0.2806487342646321
0.5
0.5
0.5
0.5
0.5
0.5
0.5
0.5
0.5
0.5
0.5
0.5
0.5
0.5
0.5
0.32372523812943804
0.39975120134205566
0.38010506571667146
0.826256510253628
0.9986617184807309
0.6415837176843514
