0.4341440676889931
0.5076634375677116
0.5790858953519092
0.45855665416135827
0.5
0.5
0.5
0.5
0.44624031802557496
0.49814538372299916
0.5848813006462328
0.4754198177618262
0.562200385040088
0.9670869696210684
0.17574010719219121
0.10137206749784186
0.3093030959748385
0.3139689079473957
0.023890763843267278
0.14646272999822688
0.3333070512222881
0.32365073416634993
0.003181306766200969
0.0042253180893588645
0.0010667387803023733
0.002819074583874707
0.691113183091181
0.8713077319495477
0.10555861250278141
0.20368085281643264
0.4869118349740222
0.5
0.5
0.5
0.5
0.5
0.5
0.5
0.5
0.5
0.5
0.5
0.5
0.4829218404705221
0.49645043163473596
0.49474649655074787
0.24553908197118082
0.21029529582286105
0.27346900926461715
0.05643471816227567
0.5
0.5
0.5
0.43726904186036175
0.4497516711560555
0.48818220068551316
0.40045240104147334
