0.3333333333333333
0.3333333333333333
0.3333333333333333
0.3333333333333333
0.3333333333333333
0.3333333333333333
0.5
0.5
0.5
0.5
0.4999999999754021
0.5
0.7508697202827241
0.5874963430449021
0.677160718369765
0.8963922477385118
0.3421405950216548
0.08742916571445926
0.34866981749207965
0.20945357221622224
0.34866981749207965
0.2825831147990825
0.11153788899785959
0.27788288082977936
0.22039492103821318
0.2435849095372362
0.2902045161970385
0.23284059539619847
0.4368510533794986
0.4253417089269934
0.5112359270531129
0.5
0.5
0.5
0.5
0.5
0.5
0.5
0.5
0.5
0.5
0.5
0.5
0.5
0.5
0.5
0.2662493390938079
0.5
0.5
0.5155399584533193
0.5637098754430795
0.5835798021938001
