0.1908494008843605
0.5000367511186692
0.5013396964103125
0.5459110161401556
0.5
0.5
0.5
0.5
0.4432424953321022
0.49903027130834254
0.5030412950804523
0.5896432244799823
0.7605724640369388
0.5354972950997033
0.08926700841417515
0.1634178343591176
0.32103164187071775
0.32968100502699227
0.32765714542087715
0.2856829347218873
0.3453129446109598
0.18396404632932148
0.32037687593598696
0.08266160059722022
0.3287640886620374
0.32565690095126876
0.9234720812859141
0.985375843317151
0.30135795112101144
0.1145773354450988
0.33333973051817284
0.5
0.5
0.5
0.5
0.5
0.5
0.5
0.5
0.5
0.5
0.5
0.5
0.48309253176726963
0.49856650857898127
0.4957760479406649
0.29776665244549355
0.028719914814819815
0.15823013305277264
0.3755538528932623
0.5237408017090449
0.36393715456545406
0.5063769285992179
0.4522613593710736
0.440222035545722
0.3988570117802962
0.4909516535710673
