0.5616159329423197
0.5393561373995185
0.6444690717904764
0.5684263736951374
0.5
0.5
0.5
0.5
0.4867020761591831
0.49868566470499803
0.5160697892654885
0.5203086916660329
0.5482129464875126
0.9803510880169111
0.3114484322616745
0.30666912017065123
0.3312889882022188
0.3010614126632115
0.2625506042439447
0.261010687536632
0.32039053019510383
0.30490264340149026
0.0071145444243182615
0.3110415424993788
0.032072748483738596
0.049257289434811106
0.506693682501874
0.6768241037242976
0.45783239415689503
0.527218120138703
0.4356243621209737
0.5
0.5
0.5
0.5
0.5
0.5
0.5
0.5
0.5
0.5
0.5
0.5
0.4919536967734837
0.47652335884201064
0.4932992383828442
0.218847090655013
0.28771233982032113
0.14683229208655516
0.39441372657022605
0.507432134890963
0.5
0.5074834211442414
0.48492000923369216
0.44546617079301826
0.49287010986262075
0.49589774988052027
