0.3333333333333333
0.3333333333333333
0.3333333333333333
0.3333333333333333
0.3333333333333333
0.3333333333333333
0.5
0.5
0.5
0.5
0.4999999999996883
0.5
0.6714550097446127
0.7977422305113394
0.6633006515405965
0.9277620166635223
0.3470476186889817
0.03785440157877046
0.37904762467050457
0.3323123609851298
0.3333333333333333
0.3157552203861263
0.1916021578906043
0.004798954035382568
0.3329328217548552
0.19099920848267582
0.28884007335894896
0.37109402547462417
0.29222344895937025
0.2990799973008726
0.44060633516677045
0.5
0.5
0.5
0.5
0.5
0.5
0.5
0.5
0.5
0.5
0.5
0.5
0.5
0.5
0.5
0.3344311337146917
0.41118029335835793
0.4824811995110331
0.5400398783870531
0.5084074882469471
0.7603453628187318
