0.3333333333333333
0.3333333333333333
0.3333333333333333
0.3333333333333333
0.3333333333333333
0.3333333333333333
0.5
0.5
0.5
0.5
0.499999999999687
0.5
0.6947072865481034
0.7663219334749335
0.5056288861213376
0.976181980870381
0.34343618863462994
0.33244330439739755
0.36700951763804396
0.330879610433539
0.3333333333330203
0.05239550214092022
0.2760403328781656
0.08787493449167078
0.2609053198333474
0.2668807646392464
0.23951829844217823
0.18532901494692397
0.1623603613421124
0.4857404676657576
0.17523193700987855
0.5
0.5
0.5
0.5
0.5
0.5
0.5
0.5
0.5
0.5
0.5
0.5
0.5
0.5
0.5
0.3367409379102388
0.39073642585679247
0.4962045277938066
0.5266871373391809
0.5981117411394054
0.5538780357581253
