0.5284640417969199
0.5041539977369071
0.5460078835805106
0.46861322436045244
0.5
0.5
0.5
0.5
0.4854765442735159
0.49991994379574617
0.6198839838867237
0.5526006146056175
0.752811084222303
0.5051168200699406
0.14230950427162195
0.0025512514476524716
0.31205968223595376
0.3315071321209676
0.3206066248116138
0.07269851465802737
0.3275604622674433
0.19104384661858112
0.31821943637766703
0.30772260513535954
0.28552582139342414
0.2010824550159276
0.6176576507544289
0.9684335750339017
0.1543503668687793
0.19910824001207642
0.5023468013059943
0.5
0.5
0.5
0.5
0.5
0.5
0.5
0.5
0.5
0.5
0.5
0.5
0.4508243153912831
0.4818189284127796
0.482414732415508
0.2073124162167287
0.3256444451788747
0.12016513761682276
0.46535718788113745
0.5
0.6174219375167874
0.49826194537007995
0.3665326094889211
0.4453504548173217
0.45553656653265095
0.48201627465317914
