0.3333333333333333
0.3333333333333333
0.3333333333333333
0.3333333333333333
0.3333333333333333
0.3333333333333333
0.5
0.5
0.49999999995292554
0.5
0.7532700505188547
0.48810114173773494
0.3359517827662179
0.052555794457875706
0.34493316487570047
0.25791798956018763
0.3405626403813557
0.25926372265536946
0.7516938744246244
0.3985845188852633
0.4788184584146688
0.3849543689024939
0.5
0.5
0.5
0.5
0.5
0.5
0.5
0.5
0.5
0.5
0.5
0.5
0.5
0.5
0.5
0.4447845483814914
0.2934247532534091
0.3062403012420762
0.5373404935962725
0.5299827428904254
0.5833214066377347
