0.3333333333333333
0.3333333333333333
0.3333333333333333
0.3333333333333333
0.3333333333333333
0.3333333333333333
0.5
0.5
0.4999999999699604
0.5
0.7657073989893928
0.49160383336669894
0.3354553581211308
0.3333333333333333
0.3546072382480841
0.1535517677693129
0.33389119329028033
0.27560785274389477
0.6333080033608133
0.12038725326783453
0.4897291469767859
0.19608995033954868
0.5
0.5
0.5
0.5
0.5
0.5
0.5
0.5
0.5
0.5
0.5
0.5
0.5
0.5
0.5
0.3631626359411692
0.40110799297423905
0.4156944352102411
0.5032221192492166
0.5362569524863816
0.5157277421346035
