0.3333333333333333
0.3333333333333333
0.3333333333333333
0.3333333333333333
0.3333333333333333
0.3333333333333333
0.5
0.5
0.5
0.5
0.4999999999974166
0.5
0.7504711869816816
0.5409482186692768
0.7397930707822051
0.5324644489191107
0.2834694875247579
0.3276155669380208
0.2818981733484238
0.29597291502510326
0.35036702320967467
0.22130371368663032
0.13646838677910444
0.14799872071664177
0.3263720595586311
0.3333333333333333
0.33430557998700366
0.09653288327995116
0.3300815309642737
0.42667914011824953
0.5504368495724353
0.5
0.5
0.5
0.5
0.5
0.5
0.5
0.5
0.5
0.5
0.5
0.5
0.5
0.5
0.5
0.3806524975869039
0.355805582994565
0.4181835508394154
0.5688993872316769
0.5022687714902337
0.4973840527222325
