0.3333333333333333
0.3333333333333333
0.3333333333333333
0.3333333333333333
0.3333333333333333
0.3333333333333333
0.5
0.5
0.5000000001185071
0.5
0.7538900701521971
0.49427141326729346
0.33333985432766455
0.3027355561938246
0.3398791128018924
0.1938022299692599
0.3594738977698624
0.23663694463410181
0.5117226914966766
0.49157186138386627
0.48335553238476786
0.4609575964161644
0.5
0.5
0.5
0.5
0.5
0.5
0.5
0.5
0.5
0.5
0.5
0.5
0.5
0.5
0.5
0.30932963893221066
0.4827521636036827
0.4766322003079316
0.5241369509914257
0.5495164355024669
0.5494741335019709
