0.3583745449586109
0.511289716913163
0.5007070318206311
0.5308698129831396
0.5
0.5
0.5
0.5
0.47028188031278323
0.49955043040937996
0.5000621839631344
0.5138391792490101
0.748135545143256
0.5297896020038865
0.28726943228795987
0.11402865648574874
0.3332017287342315
0.3168621485205864
0.3068599953810265
0.23498601879231518
0.3233825776071594
0.33872254953906106
0.3361013766595837
0.14487055856862055
0.3333333333333333
0.2586571453730826
0.6042680262668141
0.5117173182617191
0.18132677449104853
0.2760474048394568
0.34987121422169676
0.5
0.5
0.5
0.5
0.5
0.5
0.5
0.5
0.5
0.5
0.5
0.5
0.49148295832804234
0.5
0.48643895223078615
0.25429551752685736
0.14768704717392073
0.15675331910505394
0.36896177439512795
0.5236094049522774
0.5384018509918622
0.5018400629062298
0.5213825032709997
0.4697640319192409
0.5117010733427074
0.5073344752591241
