3.333333333333333703e-01
3.333333333333333703e-01
3.333333333333333703e-01
3.333333333333333703e-01
3.333333333333333703e-01
3.333333333333333703e-01
5.000000000000000000e-01
5.000000000224957830e-01
5.000000000140073508e-01
5.000000000000000000e-01
6.902675416651814500e-01
6.891076432714345890e-01
3.358589387821108163e-01
2.648331017940467325e-01
3.425202700930489730e-01
2.053212159076753807e-01
3.449179110919067259e-01
2.467699249741859835e-01
6.695283722587495046e-01
3.469068493853286750e-01
3.776723617121109378e-01
4.052369966355319209e-01
5.000000000000000000e-01
5.000000000000000000e-01
5.000000000000000000e-01
5.000000000000000000e-01
5.000000000000000000e-01
5.000000000000000000e-01
5.000000000000000000e-01
5.000000000000000000e-01
5.000000000000000000e-01
5.000000000000000000e-01
5.000000000000000000e-01
5.000000000000000000e-01
5.000000000000000000e-01
5.000000000000000000e-01
5.000000000000000000e-01
3.612181093870008297e-01
3.939225468011917086e-01
4.137010518371069812e-01
5.865554680256491737e-01
6.397821088231807618e-01
5.583323834408988606e-01
