0.3333333333333333
0.3333333333333333
0.3333333333333333
0.3333333333333333
0.3333333333333333
0.3333333333333333
0.5
0.5
0.49999999999942935
0.5
0.6488689485240166
0.997993205106637
0.3359910735509788
0.32079555577179786
0.3495835333205285
0.10003449197916953
0.34437641091356375
0.3282205014944051
0.6568243107017971
0.3626531515268745
0.49974324911529866
0.45320784028595684
0.5
0.5
0.5
0.5
0.5
0.5
0.5
0.5
0.5
0.5
0.5
0.5
0.5
0.5
0.5
0.36840130886340294
0.3936811564751168
0.4094770375294008
0.9215638015872699
0.8902852341683282
0.76540419190017
