0.9973029204469255
0.600692786760524
0.4928189542149271
0.4931430622597453
0.5
0.5
0.5
0.5
0.4906894156984139
0.49796855472353496
0.5196151332081508
0.49374170571949355
0.7137636116187488
0.7898974396785846
0.24724628358686762
0.07318822270683358
0.3316954136395029
0.30548464809863196
0.2882053679266877
0.32928805424361723
0.3216606062892399
0.3001787555836894
0.31454430206691425
0.14134170098128773
0.18995539410223983
0.0014708531152679847
0.7209270800948012
0.6635065992115371
0.40962629448506843
0.29944184772011706
0.5520818856406641
0.5
0.5
0.5
0.5
0.5
0.5
0.5
0.5
0.5
0.5
0.5
0.5
0.4939292403398973
0.49326602369902534
0.4845738186811024
0.3076939632754347
0.03193797317995128
0.1257878003096555
0.4943150721477377
0.9983668064860417
0.5518605829735257
0.8995450257948607
0.47384600939052723
0.45513833337155885
0.4921465705909411
0.4599513287362832
