0.3333333333333333
0.3333333333333333
0.3333333333333333
0.3333333333333333
0.3333333333333333
0.3333333333333333
0.5
0.5
0.49999999999605876
0.5
0.7630289868695636
0.49013405492397555
0.3350611240245721
0.3319161389919708
0.3516084274739441
0.1746342444218646
0.3476991271102172
0.24436419069830392
0.840157701980803
0.4711211602353006
0.05345817941193584
0.37963755492268136
0.5
0.5
0.5
0.5
0.5
0.5
0.5
0.5
0.5
0.5
0.5
0.5
0.5
0.5
0.5
0.31904887340991794
0.4429733552560779
0.4921052891360868
0.5
0.5660765693070199
0.5025110193553924
