0.3333333333333333
0.3333333333333333
0.3333333333333333
0.3333333333333333
0.3333333333333333
0.3333333333333333
0.5
0.5
0.5
0.5
0.49999999999846056
0.5
0.7695052718845736
0.5272130530522552
0.767904799883446
0.46164631718483445
0.3333333333333333
0.33284786963120905
0.3333333333333333
0.3333333333333333
0.37575797726843535
0.3333333333333333
0.2567405112480993
0.035800580972129625
0.3310490480234091
0.3040443052479374
0.33979253962851824
0.05742597649903009
0.48434058321872886
0.4922265097658815
0.16991879705216656
0.5
0.5
0.5
0.5
0.5
0.5
0.5
0.5
0.5
0.5
0.5
0.5
0.5
0.5
0.5
0.3511251709473987
0.44590239691946026
0.4060821461164787
0.6051628440820872
0.4981116202640134
0.5013685300733159
