0.3333333333333333
0.3333333333333333
0.3333333333333333
0.3333333333333333
0.3333333333333333
0.3333333333333333
0.5
0.5
0.5
0.5
0.5
0.5
0.7595588002711575
0.6128516422835533
0.6568721897082724
0.9984005095458315
0.3333333333333333
0.3333333333333333
0.3333333333333333
0.3333333333333333
0.3333333333333333
0.3333333333333333
0.0024830774976945733
0.20833333333333331
0.005208333333333315
0.02392082129529162
0.24225456479339952
0.07944035108150124
0.0377342577968901
0.4905976462277586
0.29222294035545876
0.5
0.5
0.5
0.5
0.5
0.5
0.5
0.5
0.5
0.5
0.5
0.5
0.5
0.5
0.5
0.5
0.5
0.5
0.5488033364538385
0.8719635106324177
0.6170795941334086
