0.6649244852703804
0.3333333333333333
0.6542520004722238
0.3333333439922739
0.6640588914532151
0.33333334596520375
0.5
0.5
0.5
0.5
0.500000000120374
0.5000000003955459
0.762449680486804
0.50390625
0.8078612110056546
0.5019493814032664
0.333333333531234
0.31013984630176716
0.33333333428072365
0.3225477968904859
0.3333333315321185
0.05858734005470371
0.29583512693428876
0.00277474906893343
0.0028767986559473132
0.01574850312268164
0.1887962276573777
0.041129691949787
0.453125
0.16454984308414117
0.00201496403700381
0.5
0.5
0.5
0.5
0.5
0.5
0.5
0.5
0.5
0.5
0.5
0.5
0.5
0.5
0.5
0.09465877847200282
0.059028465373718475
0.3002404851148129
0.99724360811247
0.9739185200252779
0.8647060236982358
