0.9986375268200985
0.5
0.5
0.5
0.5
0.5
0.5
0.5
0.49361284368787395
0.5
0.7507660748574402
0.5481448676525391
0.7454386217561606
0.7082920035730654
0.24862222588397834
0.10258758808137296
0.3333333333333333
0.3333333333333333
0.3333333333333333
0.3333333333333333
0.3333333333333333
0.3333333333333333
0.05672492748104305
0.031061309288249666
0.28538870559519647
0.14899341502036173
0.5
0.49999999976747384
0.18213808271626955
0.10382662026455526
0.4645545476918738
0.5
0.5
0.5
0.5
0.5
0.5
0.5
0.5
0.5
0.5
0.5
0.5
0.5
0.5
0.5
0.5
0.5
0.5
0.8474357405018351
0.7410056439032682
0.9985427002640096
0.3897620481752614
0.47813199418642993
0.4448415328365035
0.29845460414561503
