0.3333333333333333
0.3333333333333333
0.3333333333333333
0.3333333333333333
0.3333333333333333
0.3333333333333333
0.3333333333333333
0.3333333333333333
0.3333333333333333
0.3333333333333333
0.3333333333333333
0.3333333333333333
0.3333333333333333
0.3333333333333333
0.3333333333333333
0.3333333333333333
0.3333333333333333
0.3333333333333333
0.5
0.5
0.3333333333333333
0.3333333333333333
0.3333333333333333
0.3333333333333333
0.3333333333333333
0.3333333333333333
0.4342538575717321
0.24638058724173595
0.5
0.5
0.04713642164222767
0.3172143793522358
0.3333333333333333
0.3333333333333333
0.0919013545110165
0.1120175053199328
0.5
0.5
0.5
0.3333333333333333
0.3333333333333333
0.3103972953309176
0.3333333333333333
0.14240732437882536
0.3333333333333333
0.5
0.5
0.5
0.5
0.5
0.5
0.5
0.5
0.5
0.5
0.5
0.5
0.3489583333333333
0.3333333333333333
0.33567088128513717
0.3333333333333333
0.509420298965393
0.3333333333333333
0.5
0.5
0.5
0.125
0.02448534421462133
0.031732632690565865
0.25
0.25
0.25
0.25
0.25
0.25
0.25
0.25
0.25
0.5
0.46532994856074905
0.5
0.3333333333333333
0.3333333333333333
0.02136261101037604
0.3333333333333333
0.3333333333333333
0.3333333333333333
0.5
0.494250662419616
0.5
0.3333333333333333
0.3333333333333333
0.04111957037141223
0.33333333655257097
0.3333333333333333
0.3333333333333333
0.3333333333333333
0.3333333333333333
0.6212187286624911
0.5145798471013261
0.7940962392581316
0.33840110217526626
0.638461396732293
0.527717129702994
0.4707168862026607
0.3575970366183996
0.6399778621336916
0.5
0.5
0.5
0.5
0.5
0.5
0.5
0.5
0.5
0.5
0.5
0.5
0.5
0.5
0.5
0.5
0.5
0.5
0.5
0.5
0.5
0.30672251359092073
0.9613251026288334
0.6160773016991961
0.9715683546015362
