0.9318862217166785
0.5
0.5
0.5
0.5
0.5
0.5
0.5
0.44762428577889096
0.5
0.596361589712866
0.9561175719899462
0.6581837947438612
0.9978704367677802
0.0038845068359227315
0.002229991778635006
0.3333333333333333
0.3333333333333333
0.3333333333333333
0.3333333333333333
0.3333333333333333
0.3333333333333333
0.29828120884861625
0.0018911025849433127
0.0012283618726022067
0.16090575969118104
0.5
0.49999999531088757
0.2005616681839005
0.48283293996973786
0.005988370715169004
0.5
0.5
0.5
0.5
0.5
0.5
0.5
0.5
0.5
0.5
0.5
0.5
0.5
0.5
0.5
0.5
0.5
0.5
0.002651243018458317
0.9989100298935285
0.9971544978099436
0.608574424058223
0.4940189927037912
0.47244308297807025
0.403495609827741
0.3167182933194765
