0.9570566466986518
0.5
0.5
0.5
0.5
0.5
0.5
0.5
0.4750782911016287
0.5
0.8393071085557079
0.5455050955470453
0.7271010175106444
0.7694864292481564
0.019966544203422372
0.24870581222088864
0.3333333333333333
0.3333333333333333
0.3333333333333333
0.3333333333333333
0.5
0.07570786551190473
0.5
0.5
0.06732629216666086
0.2787707003848028
0.46020942135327536
0.5
0.5
0.5
0.5
0.5
0.5
0.5
0.5
0.5
0.5
0.5
0.5
0.5
0.5
0.5
0.5
0.5
0.5
0.006382444879294076
0.9978854108923048
0.5900491412601695
0.9989502568967643
