0.3333333333333333
0.3333333333333333
0.3333333333333333
0.3333333333333333
0.3333333333333333
0.3333333333333333
0.5
0.5
0.5
0.5
0.5
0.5
0.5
0.46903010306245796
0.25
0.49868675007277286
0.3333333333333333
0.3333333333333333
0.3333333333333333
0.3333333333333333
0.3333333333333333
0.3333333333333333
0.3333333333333333
0.08205228726153861
0.3177083333333333
0.3333333333333333
0.3333333333333333
0.3372395833333333
0.4958253163379696
0.513671875
0.4185972161362373
0.5
0.5
0.5
0.5
0.5
0.5
0.5
0.5
0.5
0.5
0.5
0.5
0.5
0.5
0.5
0.5
0.5
0.5
0.5
0.6872130419935909
0.5234375
