0.6560338230729239
0.3333333333333333
0.6258774613692979
0.3333333333333333
0.6015102712915535
0.3333333333333333
0.5
0.5
0.5
0.5
0.5000000006094373
0.5
0.6919666279360865
0.7011357267019266
0.6638656683808883
0.9790911870429274
0.3333333344043689
0.2985161889686248
0.33333333327288595
0.1450308339316907
0.3333333333333333
0.23676844629294166
0.050293036236071835
0.24301691935800376
0.24617232964570926
0.03589143024542396
0.09091432640988013
0.001568605025251117
0.3560230358150216
0.21625779834405084
0.38161132341113246
0.5
0.5
0.5
0.5
0.5
0.5
0.5
0.5
0.5
0.5
0.5
0.5
0.5
0.5
0.5
0.05934732072894869
0.4270410741556788
0.4149828185397961
0.99854784788918
0.9914447990563167
0.6327495392868178
