0.3870778217623926
0.3333333333333333
0.6269519829277082
0.3333333333333333
0.43686636102589593
0.3333333333333333
0.5
0.5
0.5
0.5
0.5000000038519706
0.5
0.6305551470206113
0.835784328611824
0.7668672786930686
0.638282612796088
0.3333333295924702
0.31677796597079877
0.33333333567814855
0.056500271254369475
0.333333337482041
0.32392351509336914
0.10698239394034957
0.23859068985359175
0.06049175095371249
0.0024385526596030953
0.13085590348619006
0.001117174201681872
0.393414715976699
0.11057868194963832
0.14434616887974358
0.5
0.5
0.5
0.5
0.5
0.5
0.5
0.5
0.5
0.5
0.5
0.5
0.5
0.5
0.5
0.29499960706482287
0.4641431917204738
0.4843324752914219
0.9647608460062284
0.9984097878537582
0.651091614949898
