0.9882880256058019
0.5
0.5
0.5
0.5
0.5
0.5
0.5
0.46537965877543974
0.5
0.8676073260468831
0.5018251832617947
0.6578510807990114
0.9979233509430087
0.309870620917637
0.17953182131500492
0.3333333333333333
0.3333333333333333
0.3333333333333333
0.3333333333333333
0.3333333333333333
0.3333333333333333
0.2800925838525094
0.2935075992227573
0.011150281974034537
0.0012674545484143763
0.5
0.5
0.3133737197766711
0.14584379856807422
0.22782219586021296
0.5
0.5
0.5
0.5
0.5
0.5
0.5
0.5
0.5
0.5
0.5
0.5
0.5
0.5
0.5
0.5
0.5
0.01991775365962574
0.0010513253587109577
0.987196036015813
0.9943133239900053
0.9905656955178819
0.3493676860233399
0.14081528470509871
0.48079407398139967
0.2243547724420407
