0.5887016991203313
0.3333333333333333
0.6653799688722046
0.3333333333333333
0.38724546725189174
0.3333333333333333
0.5
0.5
0.5
0.5
0.5000000004526505
0.5000000004706787
0.7557991179572717
0.5217848300831474
0.7781331172320717
0.5999988928129367
0.33333333331300247
0.3103625196303427
0.33528633322805795
0.2102196839282549
0.3333333333324389
0.16519472329608229
0.10054639870757315
0.061693219811392454
0.06550101296122224
0.08403637625725699
0.010425020171837327
0.3039307411194418
0.13888794953994826
0.2440721510568347
0.38939754711228947
0.5
0.5
0.5
0.5
0.5
0.5
0.5
0.5
0.5
0.5
0.5
0.5
0.5
0.5
0.5
0.06319114660847416
0.4458743779477121
0.40587696765698544
0.6439865055090436
0.7315269110070962
0.607752378833624
