7.610713645503339730e-01
9.791477491015777579e-01
5.000000000000000000e-01
5.000000000000000000e-01
7.127581520995386333e-01
8.159410403775803067e-01
5.324823920981612835e-01
4.999999997737152313e-01
1.833129092226200296e-01
2.663455063211425666e-01
3.080966602565299861e-01
5.000000000000000000e-01
5.000000000000000000e-01
5.000000000000000000e-01
5.000000000000000000e-01
5.000000000000000000e-01
5.000000000000000000e-01
5.000000000000000000e-01
5.000000000000000000e-01
5.000000000000000000e-01
5.000000000000000000e-01
5.000000000000000000e-01
5.000000000000000000e-01
5.000000000000000000e-01
5.000000000000000000e-01
5.000000000000000000e-01
4.830132193483903380e-02
4.547345194365912668e-01
4.277806722172854959e-01
8.297776753680731199e-01
9.298120225708086384e-01
6.219621395399542729e-01
