0.47756656325829233
0.3333333333333333
0.6547258742598226
0.3333333333333333
0.6644489593277232
0.3333333333333333
0.5
0.5
0.5
0.5
0.5000000001580984
0.5
0.7185693042924469
0.6331361018428425
0.7397788042142528
0.7277496509617246
0.33333333534619525
0.2940702524741708
0.3333333325350322
0.33021383541841753
0.3333333370458464
0.052173243376495995
0.22481202029408032
0.0977711866116851
0.1885339280515
0.1807324161264733
0.1389190970413999
0.30673877924845366
0.15433388048134727
0.28617382250019296
0.32398320976333267
0.5
0.5
0.5
0.5
0.5
0.5
0.5
0.5
0.5
0.5
0.5
0.5
0.5
0.5
0.5
0.022789775995731152
0.49509198435608914
0.48435210762092756
0.8740491402924677
0.9857251202193809
0.5933455724489369
