0.6589581894874407
0.3333333333333333
0.5578830027999782
0.3333333333333333
0.6644826633674014
0.3333333333333333
0.5
0.5
0.5
0.5
0.5000000009236809
0.5
0.7642774859897014
0.5
0.748785673405063
0.6971645025459097
0.33333333245351304
0.289375078552277
0.3333333357503212
0.2807455247402027
0.33333333275657806
0.1544320889315101
0.022357198811026165
0.02788434906159862
0.009340428302589923
0.1947125756052468
0.14890384816229074
0.18079198712854455
0.21711432760036986
0.31610918072790795
0.2005245380664807
0.5
0.5
0.5
0.5
0.5
0.5
0.5
0.5
0.5
0.5
0.5
0.5
0.5
0.5
0.5
0.09313175627877157
0.4810182732479792
0.40294581031938353
0.8075349713811857
0.782317386156009
0.5782071180746177
