0.9286449237663534
0.5
0.5
0.5
0.5
0.5
0.5
0.5
0.491260867134031
0.5
0.6778441523230516
0.6707759290220119
0.6639277835467284
0.9782035240991779
0.30343823779991647
0.2983663224078824
0.3333333333333333
0.3333333333333333
0.3333333333333333
0.3333333333333333
0.3333333333333333
0.3333333333333333
0.3280198417883369
0.12031562136728763
0.0010856324381588963
0.0010294217873270855
0.5
0.5
0.14243746654499417
0.49482184076201885
0.13307451348274213
0.5
0.5
0.5
0.5
0.5
0.5
0.5
0.5
0.5
0.5
0.5
0.5
0.5
0.5
0.5
0.5
0.5
0.024407719134351566
0.035613173501412965
0.9980729627198096
0.522113320008738
0.9882666477265942
0.13295670889099628
0.10056405077614929
0.4736565480115073
0.4478636522171806
