0.6348952804828036
0.3333333333333333
0.5819283601071856
0.3333333333333333
0.6646768900782848
0.3333333333333333
0.5
0.5
0.5000000002327797
0.5
0.8074852277597867
0.5031197140972553
0.3333333333333333
0.07720576193321729
0.3333333329388843
0.09522103497923577
0.33333330854460697
0.3190887485835827
0.5
0.0018118020876778558
0.4782021782882194
0.3581772696876425
0.5
0.5
0.5
0.5
0.5
0.5
0.5
0.5
0.5
0.5
0.5
0.5
0.5
0.5
0.5
0.02320440849556777
0.4863243522555758
0.47768095444377207
0.9632234423352667
0.8285037800616046
0.5773266885535938
