5.071480275786898195e-01
3.333333333333333703e-01
6.317592121963381269e-01
3.333333333333333703e-01
5.947439047892780772e-01
3.333333333327284098e-01
5.000000000000000000e-01
5.000000000000000000e-01
5.000000000000000000e-01
5.000000000000000000e-01
5.000000010849908749e-01
5.000000000460238514e-01
6.788514617920389238e-01
6.756167066653790965e-01
7.359071359305694449e-01
7.320655662977877398e-01
3.333333325095118038e-01
2.849000837884397841e-01
3.335286335567387850e-01
2.401000266318474297e-01
3.333333341460304466e-01
1.473657932051712638e-01
1.148434602111870484e-01
8.559682878561358788e-02
1.178451014392982027e-01
1.263489030119993028e-01
1.433957503217289653e-01
1.118408389394798669e-01
2.244336446161024345e-01
2.783995450448735753e-01
2.597902474453368526e-01
5.000000000000000000e-01
5.000000000000000000e-01
5.000000000000000000e-01
5.000000000000000000e-01
5.000000000000000000e-01
5.000000000000000000e-01
5.000000000000000000e-01
5.000000000000000000e-01
5.000000000000000000e-01
5.000000000000000000e-01
5.000000000000000000e-01
5.000000000000000000e-01
5.000000000000000000e-01
5.000000000000000000e-01
5.000000000000000000e-01
1.230688571250978941e-01
4.324829538196713341e-01
4.090203008494999182e-01
8.243919425055270533e-01
8.629188708089159388e-01
6.228185109158699273e-01
