0.6483967447068223
0.3333333333333333
0.4900594221234289
0.3333333333333333
0.6655639086924451
0.3333333333333333
0.5
0.5
0.5000000016614735
0.5
0.7459324777080029
0.707452140329237
0.3333333244515489
0.275848882067695
0.3333333241342922
0.2711280929792652
0.33333332268287996
0.1128534070936811
0.5
0.2562230721167401
0.1793297524038437
0.2791392460319934
0.5
0.5
0.5
0.5
0.5
0.5
0.5
0.5
0.5
0.5
0.5
0.5
0.5
0.5
0.5
0.032682713867624065
0.43903124539987304
0.49232937788123876
0.9221358259144995
0.9959444406334844
0.8230737740866456
