0.7207223258986585
0.5
0.5
0.5
0.5
0.5
0.5
0.5
0.48500647897516797
0.5
0.7138947855457679
0.6454830031542041
0.7661946255303471
0.6399500848830247
0.2226888150162432
0.29343693952853483
0.3333333333333333
0.3333333333333333
0.3333333333333333
0.3333333333333333
0.3333333333333333
0.3333333333333333
0.2958904616010465
0.04417994803719839
0.04960908923208542
0.10835273698746475
0.5
0.5
0.11079511274821816
0.1750413039472838
0.4992484664398026
0.5
0.5
0.5
0.5
0.5
0.5
0.5
0.5
0.5
0.5
0.5
0.5
0.5
0.5
0.5
0.5
0.5
0.01051693273062972
0.09060140828140978
0.9987681114796675
0.9986663881907811
0.9985493520990276
0.18908757319460034
0.005873301019131638
0.485392569018504
0.4717630183221237
