0.6652823973738291
0.3333333333333333
0.5246700367259776
0.3333333333333333
0.6654725725527487
0.3333333333333333
0.5
0.5
0.5000000002327514
0.5
0.7585230222335942
0.6648710561246801
0.3333333333984155
0.2998401458136237
0.33333333529037196
0.057933420447400547
0.3333333341096123
0.32402592998679275
0.5
0.23849107621202995
0.30447221392608487
0.1802847053402033
0.5
0.5
0.5
0.5
0.5
0.5
0.5
0.5
0.5
0.5
0.5
0.5
0.5
0.5
0.5
0.19327492742972416
0.23838204678262653
0.46074165124395733
0.9982215826792507
0.9363705738056384
0.5244450676181237
