0.3802087241266795
0.3333333333333333
0.664816078733066
0.3333333333333333
0.6373377035850254
0.3333333333272841
0.5
0.5
0.5
0.5
0.5000000003161967
0.5
0.6971310525651169
0.6706525741130627
0.7573856594095928
0.6293908950573899
0.3333333333333333
0.3333333333333333
0.33333333316396074
0.25791389640839973
0.3333333336434809
0.04822655613689738
0.3231368108082852
0.001207426280140149
0.06614330763795484
0.3299399305374657
0.1586352082253347
0.0817840611843104
0.16710591435899969
0.24743683640820893
0.3432705842996397
0.5
0.5
0.5
0.5
0.5
0.5
0.5
0.5
0.5
0.5
0.5
0.5
0.5
0.5
0.5
0.02931117038975394
0.43474563722402815
0.4678004077037819
0.5009101322092077
0.9802330694361031
0.5046041741999823
