0.4506758869115369
0.3333333333333333
0.5402661398391573
0.3333333333333333
0.6611424469667614
0.3333333333333333
0.5
0.5
0.5
0.5
0.5000000000523276
0.5
0.7539179621172613
0.5427507112858883
0.803182267348484
0.5184176793862139
0.3333333325179495
0.2338896977071746
0.3333333325179495
0.22416470344998243
0.33333333231817364
0.1630400082030394
0.28649063437319816
0.01965032837052164
0.023542366880232778
0.04032897583791491
0.30930983588588307
0.05874789596456824
0.1840461043637497
0.48110951293364884
0.08454131682655319
0.5
0.5
0.5
0.5
0.5
0.5
0.5
0.5
0.5
0.5
0.5
0.5
0.5
0.5
0.5
0.21673317191235167
0.2529056892703082
0.3469836948087004
0.9981259403762593
0.9856517532317021
0.5098395825196113
