0.9779055440320072
0.5
0.5
0.5
0.5
0.5
0.5
0.5
0.2419541046133186
0.5
0.807822022616018
0.5
0.6574738234320818
0.9974152527945219
0.32028615525001103
0.3126519893320876
0.3333333333333333
0.3333333333333333
0.3333333333333333
0.3333333333333333
0.3333333333333333
0.3333333333333333
0.016765422100642035
0.02183754086969669
0.054335150404707475
0.12593696035218557
0.5
0.5
0.3037516500429532
0.002615775890345934
0.38603865994051356
0.5
0.5
0.5
0.5
0.5
0.5
0.5
0.5
0.5
0.5
0.5
0.5
0.5
0.5
0.5
0.5
0.5
0.0010990308552331378
0.36423613621042156
0.9415580652389873
0.99206843011606
0.9886563266059922
0.004997678273720029
0.1339440606757607
0.4144640442999735
0.425566119064957
