0.993236237292006
0.5
0.5
0.5
0.5
0.5
0.5
0.5
0.48516415190192874
0.5
0.7681726510579892
0.6036360108308622
0.7420215716213453
0.7207621083576309
0.3084660207924549
0.31794668085949057
0.3333333333333333
0.3333333333333333
0.3333333333333333
0.3333333333333333
0.3333333333333333
0.3333333333333333
0.0870466372830291
0.0016590093186669094
0.025141857388837008
0.0316668228219319
0.5
0.5
0.4123187801417025
0.22574160512165117
0.0014516428697328998
0.5
0.5
0.5
0.5
0.5
0.5
0.5
0.5
0.5
0.5
0.5
0.5
0.5
0.5
0.5
0.5
0.5
0.01388100308905304
0.07241269796714045
0.997427134383658
0.9855038600961193
0.99843541040567
0.3882936936825012
0.3410196674854134
0.4900446338418362
0.47853633871280504
