0.654277415020987
0.3333333333333333
0.579505616933166
0.3333333333333333
0.6638841926955342
0.3333333333333333
0.5
0.5
0.500000000029518
0.5000000000140808
0.8043583288739542
0.5135493516849257
0.3333333333333333
0.21292833518635168
0.33333333462535036
0.2737262278798648
0.33528384740921263
0.1092220916127638
0.5
0.14118563361592618
0.17721092404308672
0.45236206069977286
0.5
0.5
0.5
0.5
0.5
0.5
0.5
0.5
0.5
0.5
0.5
0.5
0.5
0.5
0.5
0.06856693009209483
0.47248735516576684
0.18787660287828598
0.9948000301300615
0.6394903680225568
0.8695823314545464
