0.6489011813524677
0.3333333333333333
0.6646337043249483
0.3333333333333333
0.6374969086590307
0.3333333333333333
0.5
0.5
0.5000000000166908
0.5
0.80571475397417
0.5101919352242038
0.3333333331356576
0.33138557699097965
0.3333333301714596
0.21186031642157407
0.3333333333051195
0.16744483084863115
0.5
0.07165801630309185
0.24649825159129457
0.48605649179147886
0.5
0.5
0.5
0.5
0.5
0.5
0.5
0.5
0.5
0.5
0.5
0.5
0.5
0.5
0.5
0.026824368616212558
0.47070226564397427
0.4356435753353926
0.5112214397584636
0.8713503440883658
0.6275087700920436
