0.38270659179386557
0.3333333333333333
0.66563393970789
0.3333333333333333
0.6655863648122685
0.3333333333333333
0.5
0.5
0.5000000000156943
0.5
0.6594709033418229
0.9921752515264488
0.33333333664813436
0.2695009181601606
0.33333333145223376
0.16342525577449143
0.3333333378862243
0.2275843376937962
0.5
0.06775188947448033
0.25037264838809964
0.4890712095228325
0.5
0.5
0.5
0.5
0.5
0.5
0.5
0.5
0.5
0.5
0.5
0.5
0.5
0.5
0.5
0.10770512926631584
0.45558380766494744
0.46598900593282716
0.9982018296677952
0.9986875212295143
0.5822229081894806
