0.9980028242054491
0.5
0.5
0.5
0.5
0.5
0.5
0.5
0.4956750343564358
0.5
0.7517558326425714
0.691890234697444
0.8081112420275145
0.5017496219317175
0.25309790268056315
0.3322305811013077
0.3333333333333333
0.3333333333333333
0.3333333333333333
0.3333333333333333
0.3333333333333333
0.3333333333333333
0.26978601798724283
0.0012011760856016668
0.0010263187081410632
0.0012022557298375063
0.5
0.5
0.42018989692451203
0.21476823081753954
0.002062006295874887
0.5
0.5
0.5
0.5
0.5
0.5
0.5
0.5
0.5
0.5
0.5
0.5
0.5
0.5
0.5
0.5
0.5
0.06086988746833452
0.35789050610436396
0.9983649667716155
0.6766263798845299
0.9979470844506897
0.26837446669219206
0.07041314438292787
0.2088846427983635
0.40052730182036467
