0.42921704609754596
0.3333333333333333
0.6520223714219646
0.3333333333333333
0.6650191934830871
0.3333333333333333
0.5
0.5
0.5
0.5
0.50000000162209
0.4999999999895607
0.6111642714749757
0.7011693574889167
0.780244794696325
0.5935620880839919
0.33333333195535597
0.30905007309141797
0.33333333419993677
0.29203541459097
0.3333333333161021
0.08500465081943613
0.0014550355407428922
0.03727001099083254
0.19555471340524705
0.20356595154359422
0.06140235930103542
0.08609107365586322
0.1983431649299829
0.1805272462578482
0.36426119798938617
0.5
0.5
0.5
0.5
0.5
0.5
0.5
0.5
0.5
0.5
0.5
0.5
0.5
0.5
0.5
0.066563156994815
0.45996011826200756
0.4458438611729977
0.7792115746964227
0.6489536015662588
0.6014629277079372
