0.6645303019338398
0.3333333333333333
0.6644722248847426
0.3333333333333333
0.5989590949848579
0.3333333333333333
0.5
0.5
0.5
0.5
0.5000000007785956
0.5
0.5167617005766503
0.8658869110426979
0.6448409765451192
0.998562509654545
0.33333332946782634
0.15291426129966879
0.3333333325976103
0.3209316350285056
0.33333333478549104
0.08937887855621961
0.022192166564427962
0.11416838882584861
0.013024876360463587
0.07180274987657084
0.27045432928550794
0.07929037880638079
0.4336197903937496
0.22973737949523082
0.001471247784953924
0.5
0.5
0.5
0.5
0.5
0.5
0.5
0.5
0.5
0.5
0.5
0.5
0.5
0.5
0.5
0.3574319132924204
0.4130136767575097
0.1622441567412441
0.9983883413049183
0.5263315731144796
0.9868851063673628
