0.8211073805141397
0.5
0.5
0.5
0.5
0.5
0.5
0.5
0.4897829361139137
0.5
0.5231006705367017
0.8977765479774393
0.6574882887122224
0.9989841166265573
0.2611225466341495
0.33144066274480033
0.3333333333333333
0.3333333333333333
0.3333333333333333
0.3333333333333333
0.3333333333333333
0.3333333333333333
0.19923612432690752
0.0015635867309372004
0.09069478141611792
0.0019824370930340875
0.5
0.49999999995127964
0.2540065306269398
0.2105507421012091
0.2511996089987443
0.5
0.5
0.5
0.5
0.5
0.5
0.5
0.5
0.5
0.5
0.5
0.5
0.5
0.5
0.5
0.5
0.5
0.004970261477959501
0.1518940355478663
0.9978124794151737
0.9984617143792722
0.998170409793874
0.07687124214609364
0.0774803132818691
0.4513600529932069
0.4508282395741334
