0.37851022001591605
0.3333333333333333
0.6651970168554389
0.3333333333333333
0.6304268866085821
0.3333333333333333
0.5
0.5
0.5
0.5
0.5000000020848612
0.5
0.6483719479902694
0.7838665254834845
0.6759871193808293
0.93843564463615
0.3333333327111031
0.3107114668565889
0.3333333326234842
0.28324446756768124
0.3333333334468189
0.15551582134572123
0.01016890683611527
0.01471576869252133
0.3101463001943498
0.12004007143044329
0.11413757524793067
0.018347693060302962
0.001447562701156362
0.47199284077517434
0.3644953403198565
0.5
0.5
0.5
0.5
0.5
0.5
0.5
0.5
0.5
0.5
0.5
0.5
0.5
0.5
0.5
0.027189551984889496
0.4510355152549268
0.47484070863976097
0.6784041253903588
0.998594706448057
0.5622470947699116
