0.6648955220554746
0.3333333333333333
0.6653612086285071
0.3333333333333333
0.42439576464338913
0.3333333333333333
0.5
0.5
0.5000000002878101
0.5
0.6548091394612792
0.9981816677984832
0.33333333209438576
0.27365031980114
0.3333333333333333
0.1590365647333734
0.33333333353250066
0.27383017192461556
0.5
0.0020252124559456903
0.45749243451585436
0.3781932516031437
0.5
0.5
0.5
0.5
0.5
0.5
0.5
0.5
0.5
0.5
0.5
0.5
0.5
0.5
0.5
0.02052720306498564
0.49222549882245403
0.49806111544993
0.9920163458631052
0.5845067602825083
0.5035294361555882
