9.243935176534801013e-01
5.000000000000000000e-01
5.000000000000000000e-01
5.000000000000000000e-01
5.000000000000000000e-01
5.000000000000000000e-01
5.000000000000000000e-01
5.000000000000000000e-01
4.564159539080657746e-01
5.000000000000000000e-01
7.664284895205051296e-01
6.161129544404004843e-01
7.129160364379817372e-01
8.156017908358696999e-01
2.839432665995114125e-01
2.827541315799677601e-01
3.333333333333333703e-01
3.333333333333333703e-01
3.333333333333333703e-01
3.333333333333333703e-01
3.333333333333333703e-01
3.333333333333333703e-01
1.566675801425655434e-01
8.956071674368164259e-02
2.546210101093661013e-02
2.794189312980275772e-02
5.000000000000000000e-01
5.000000000426629843e-01
2.951716128367737335e-01
2.213310362471746784e-01
1.797183366072924726e-01
5.000000000000000000e-01
5.000000000000000000e-01
5.000000000000000000e-01
5.000000000000000000e-01
5.000000000000000000e-01
5.000000000000000000e-01
5.000000000000000000e-01
5.000000000000000000e-01
5.000000000000000000e-01
5.000000000000000000e-01
5.000000000000000000e-01
5.000000000000000000e-01
5.000000000000000000e-01
5.000000000000000000e-01
5.000000000000000000e-01
5.000000000000000000e-01
5.000000000000000000e-01
1.569575004655955619e-02
1.475023289550936312e-01
9.864760521558579853e-01
9.146857956517200350e-01
9.952048070053498563e-01
1.788344454286969754e-01
1.854218343833346216e-01
4.409399755042506253e-01
4.204052520011763439e-01
