0.9400148104187411
0.5
0.5
0.5
0.5
0.5
0.5
0.5
0.4770516472198395
0.5
0.8814628130299123
0.53304568580949
0.6567970827949898
0.9983625988108794
0.26045253894025494
0.27603869436921075
0.3333333333333333
0.3333333333333333
0.3333333333333333
0.3333333333333333
0.3333333333333333
0.3333333333333333
0.0014792578408365335
0.10286695654989067
0.001432666184482571
0.001849393862352553
0.5
0.5
0.4643362763231588
0.14691135374274455
0.003117472730441732
0.5
0.5
0.5
0.5
0.5
0.5
0.5
0.5
0.5
0.5
0.5
0.5
0.5
0.5
0.5
0.5
0.5
0.017526849915012677
0.03212330852336914
0.9983296459702645
0.9834701090747832
0.994554794660701
0.015263989316895855
0.3496682110531631
0.4876767018189771
0.4061191412255988
