0.9596696275585133
0.5
0.5
0.5
0.5
0.5
0.5
0.5
0.45018619869574794
0.5
0.7904884780100605
0.6134368330179367
0.7486573079806511
0.6981376671540581
0.32996096180905765
0.21859854571962029
0.3333333333333333
0.3333333333333333
0.3333333333333333
0.3333333333333333
0.3333333333333333
0.3333333333333333
0.08617768648207039
0.03102079995853131
0.0011516017818942702
0.002191773215372565
0.5
0.5
0.3910947077132861
0.1300782789844978
0.12823853378878017
0.5
0.5
0.5
0.5
0.5
0.5
0.5
0.5
0.5
0.5
0.5
0.5
0.5
0.5
0.5
0.5
0.5
0.0023837369116561516
0.17686518398745388
0.9488337956242067
0.997192244915765
0.9982213948500116
0.19481370075125648
0.25989551447556114
0.46317136833567724
0.4132718241000794
