0.46358833633267954
0.3333333333333333
0.6656408173297339
0.3333333333333333
0.6640096049009379
0.3333333333333333
0.5
0.5
0.500000000787346
0.5
0.7462747123806593
0.7055185139412871
0.3333333156881548
0.3187407798179663
0.3333333131969289
0.1760365232948386
0.3333333326209152
0.20438702714258392
0.5
0.16363603945141791
0.26405604504847474
0.3320515673075987
0.5
0.5
0.5
0.5
0.5
0.5
0.5
0.5
0.5
0.5
0.5
0.5
0.5
0.5
0.5
0.49178244935554666
0.12298793941466213
0.05069887397271721
0.9944433060613884
0.5930366059474775
0.5240981685699874
