0.557143581219192
0.3333333333333333
0.6643188638848357
0.3333333333333333
0.6651216841887656
0.3333333333333333
0.5
0.5
0.5000000003323659
0.5
0.7409775939391766
0.723998628964239
0.33333333333829557
0.3071998285911282
0.33333333389429115
0.15190166929854118
0.33333333443574226
0.22535938288115334
0.5
0.2884030397212071
0.4094230460816139
0.0012230016161764268
0.5
0.5
0.5
0.5
0.5
0.5
0.5
0.5
0.5
0.5
0.5
0.5
0.5
0.5
0.5
0.06816886090815692
0.17040999009026014
0.3966961545243327
0.9810033461643257
0.8819831016245326
0.9629064525929175
