5.849661217702092353e-01
3.333333333333333703e-01
6.167240644153419993e-01
3.333333333333333703e-01
6.380752561966056557e-01
3.333333333333333703e-01
5.000000000000000000e-01
5.000000000000000000e-01
5.000000004262599163e-01
5.000000000014080959e-01
7.525597752968017362e-01
6.840322866318557793e-01
3.333333305942649538e-01
2.678421805712293269e-01
3.333333296375453614e-01
1.726190971248359463e-01
3.335283817776553694e-01
2.178469112986466116e-01
5.000000000010883516e-01
1.641797098410048561e-01
2.854693793353078046e-01
3.098388357326659071e-01
5.000000000000000000e-01
5.000000000000000000e-01
5.000000000000000000e-01
5.000000000000000000e-01
5.000000000000000000e-01
5.000000000000000000e-01
5.000000000000000000e-01
5.000000000000000000e-01
5.000000000000000000e-01
5.000000000000000000e-01
5.000000000000000000e-01
5.000000000000000000e-01
5.000000000000000000e-01
5.000000000000000000e-01
5.000000000000000000e-01
1.093557497411285218e-01
3.637327884349318419e-01
3.827165277448787983e-01
8.867530070944672493e-01
7.943938289509916428e-01
6.512542926950147804e-01
