0.9163434772431318
0.5
0.5
0.5
0.5
0.5
0.5
0.5
0.48269846129483485
0.5
0.8821361633960956
0.5032601166328212
0.7706375579349257
0.6245295827581191
0.2700488661548262
0.26729907842173833
0.3333333333333333
0.3333333333333333
0.3333333333333333
0.3333333333333333
0.3333333333333333
0.3333333333333333
0.002181768163033979
0.27745492929624865
0.018993630580906917
0.003939674900107185
0.5
0.50000000047535
0.13941198752530087
0.4669374325363815
0.16493026566607932
0.5
0.5
0.5
0.5
0.5
0.5
0.5
0.5
0.5
0.5
0.5
0.5
0.5
0.5
0.5
0.5
0.5
0.0013843252237395187
0.19233551406878727
0.9983973239393822
0.9984421858611466
0.9986809539430569
0.16831771531537398
0.37454479597827117
0.45395511994306154
0.48522211253248015
