0.5295741673639699
0.3333333333333333
0.6654886743877464
0.3333333333333333
0.6645446707426497
0.3333333333333333
0.5
0.5
0.5000000006661693
0.5
0.8020515932955715
0.5212646066277974
0.33333333052139025
0.31212125735003066
0.33333332733830834
0.1659218654397744
0.33333333324973924
0.21467318521886547
0.5000000000108836
0.41061131697153186
0.0876362990665067
0.14182955372581701
0.5
0.5
0.5
0.5
0.5
0.5
0.5
0.5
0.5
0.5
0.5
0.5
0.5
0.5
0.5
0.06082050631505676
0.2891933831091787
0.3614479657863339
0.5122629223705176
0.6140647938142331
0.5178493296372197
