0.3333333333333333
0.3333333333333333
0.3333333333333333
0.3333333333333333
0.3333333333333333
0.3333333333333333
0.5
0.5
0.5
0.5
0.5
0.5
0.7844232247225796
0.5
0.8076972607240713
0.499291800640851
0.3333333333333333
0.3333333333333333
0.3333333333333333
0.3333333333333333
0.3333333333333333
0.3333333333333333
0.029482900603861828
0.2690993400466527
0.2708333333333333
0.013371472986409987
0.21575793908794266
0.3333333333333333
0.489616063369071
0.027652865057192513
0.18876230413518857
0.5
0.5
0.5
0.5
0.5
0.5
0.5
0.5
0.5
0.5
0.5
0.5
0.5
0.5
0.5
0.5
0.5
0.5
0.9838914229471947
0.5356254232236303
0.5562656771365009
