0.3333333333333333
0.3333333333333333
0.3333333333333333
0.3333333333333333
0.3333333333333333
0.3333333333333333
0.5
0.5
0.5
0.5
0.5
0.5
0.6565488670372973
0.8405347392232465
0.7392108889542001
0.686233649372184
0.3333333333333333
0.3333333333333333
0.3333333333333333
0.3333333333333333
0.3333333333333333
0.3333333333333333
0.14997904380323118
0.1196626652360452
0.30733356977381315
0.33086874472539046
0.07198289387046866
0.3333333333333333
0.30705779487001106
0.4448062537384569
0.4365119509578437
0.5
0.5
0.5
0.5
0.5
0.5
0.5
0.5
0.5
0.5
0.5
0.5
0.5
0.5
0.5
0.5
0.5
0.5
0.6179835931164542
0.6040585893316452
0.6447976535886696
