0.3333333333333333
0.3333333333333333
0.3333333333333333
0.3333333333333333
0.3333333333333333
0.3333333333333333
0.3333333333333333
0.3333333333333333
0.3333333333333333
0.3333333333333333
0.3333333333333333
0.3333333333333333
0.3333333333333333
0.3333333333333333
0.3333333333333333
0.3333333333333333
0.3333333333333333
0.3333333333333333
0.5
0.5
0.3333333333333333
0.3333333333333333
0.3333333333333333
0.3333333333333333
0.3333333333333333
0.3333333333333333
0.375
0.3557353237973112
0.5
0.5
0.3333333333333333
0.3333333333333333
0.3333333333333333
0.3333333333333333
0.3333333333333333
0.3333333333333333
0.5
0.5
0.5
0.16526169763983112
0.3333333333333333
0.3333333333333333
0.3333333333333333
0.20833333333333331
0.3333333333333333
0.5
0.5
0.5
0.5
0.5
0.5
0.5
0.5
0.5
0.5
0.5
0.5
0.3994244626652494
0.3333333335689867
0.6476330444406042
0.33333333397025106
0.3645833333333333
0.3333333322212802
0.5
0.5
0.5
0.25
0.25
0.25
0.25
0.25
0.25
0.25
0.25
0.25
0.25
0.25
0.25
0.5
0.0013382040459666495
0.5
0.3333333333333333
0.3333333333333333
0.017160770228112007
0.3333333333333333
0.3333333333333333
0.3333333333333333
0.5
0.002097335741466134
0.5
0.3333333333333333
0.3333333333333333
0.07785986215278584
0.3333333333333333
0.3333333333333333
0.3333333333333333
0.3333333333333333
0.3333333333333333
0.5
0.5726108938501513
0.5159883307385411
0.6387602879233879
0.3592493054482353
0.45948162768794787
0.538427874116966
0.3346448350834442
0.6636679446708506
0.5
0.5
0.5
0.5
0.5
0.5
0.5
0.5
0.5
0.5
0.5
0.5
0.5
0.5
0.5
0.5
0.5
0.5
0.5
0.5
0.5
0.00217549601282029
0.7732098573609429
0.6786071796833628
0.6014369134044352
