0.5
0.5
0.5
0.5
0.5
0.5
0.5
0.5
0.4353653629751364
0.5
0.7237825696634991
0.6211121384949411
0.7907075567940351
0.9943558869447036
0.02794530631620354
0.0015542668538853603
0.3333333333333333
0.3333333333333333
0.3333333333333333
0.3333333333333333
0.3333333333333333
0.3333333333333333
0.01367838654983822
0.04043648162096447
0.07161885354972053
0.24351427747810891
0.5
0.5
0.4667875843862418
0.013331413458396925
0.13411836468762786
0.5
0.5
0.5
0.5
0.5
0.5
0.5
0.5
0.5
0.5
0.5
0.5
0.5
0.5
0.5
0.5
0.5
0.5
0.00178861419364766
0.5
0.8616139354645758
0.6468184468463284
0.5
0.5
0.5
0.5
