0.5
0.5
0.5
0.5
0.5
0.5
0.5
0.5
0.4001959661150568
0.5
0.8252780361976446
0.3540012679682966
0.6549237059404834
0.9983619657777459
0.26445862649626994
0.007013279170791702
0.3333333333333333
0.3333333333333333
0.3333333333333333
0.3333333333333333
0.3333333333333333
0.3333333333333333
0.01569005713620083
0.12922363906447248
0.03719724696938219
0.05101245475059607
0.5
0.5
0.10349797793239554
0.24402075085575062
0.44107102110022267
0.5
0.5
0.5
0.5
0.5
0.5
0.5
0.5
0.5
0.5
0.5
0.5
0.5
0.5
0.5
0.5
0.5
0.5
0.5
0.5113455888912197
0.8231744983651575
0.5
0.5
0.5
0.5
