0.3333333333333333
0.3333333333333333
0.3333333333333333
0.3333333333333333
0.3333333333333333
0.3333333333333333
0.5
0.5
0.5
0.5
0.5
0.5
0.6529785109011498
0.7892549504330403
0.7328141614339407
0.7521767362864831
0.3333333333333333
0.3333333333333333
0.3333333333333333
0.3333333333333333
0.3333333333333333
0.3333333333333333
0.3309255865482052
0.3020833333333333
0.1596955422630375
0.01614830337414159
0.111097737601876
0.3333333333333333
0.41358226061555575
0.4978155363595004
0.4970048604403452
0.5
0.5
0.5
0.5
0.5
0.5
0.5
0.5
0.5
0.5
0.5
0.5
0.5
0.5
0.5
0.5
0.5
0.5
0.7708584477957543
0.508516779335861
0.6784154071752263
