0.3333333333333333
0.3333333333333333
0.3333333333333333
0.3333333333333333
0.3333333333333333
0.3333333333333333
0.5
0.5
0.5
0.5
0.5000000000039565
0.4999999999734893
0.7587902705641308
0.5138830348498773
0.7406860528773443
0.7242445653108218
0.33333333329581916
0.2927304059241506
0.3333333333333333
0.25922599929729384
0.33518993293486793
0.20399370494974028
0.06432110106409103
0.21717595120795807
0.1671811063036901
0.10214720498112805
0.15629570023358633
0.010805149230584923
0.005301422564687483
0.49118059600438896
0.3497325160001219
0.5
0.5
0.5
0.5
0.5
0.5
0.5
0.5
0.5
0.5
0.5
0.5
0.5
0.5
0.5
0.4238496923009245
0.49921982480311355
0.15453105603610529
0.8633713766120898
0.8025471393927367
0.8806372038609068
