0.3333333333333333
0.3333333333333333
0.3333333333333333
0.3333333333333333
0.3333333333333333
0.3333333333333333
0.5
0.5
0.5
0.5
0.20318807247636644
0.23545817703989452
0.49745711307850127
0.3467736131542914
0.4798132089995282
0.48324376702437133
0.3355608751512309
0.3328718432573274
0.3333333333333333
0.23024761975773916
0.14252846916770825
0.32878580630693616
0.3333333333333333
0.3159970441865921
0.30508112410318095
0.32910615764885204
0.09810515295580727
0.3419877143717931
0.491940029335084
0.4951459814578472
0.449572329483754
0.5
0.5
0.5
0.5
0.5
0.5
0.5
0.5
0.5
0.5
0.5
0.5
0.5
0.5
0.5
0.5
0.5
0.5
0.500342913386873
0.5361948823669246
0.5618805704061423
