0.9340941668689786
0.04802759732916358
0.8709007471979375
0.001455544251248565
0.9968048609135457
0.0016603355288891076
0.9976896955124648
0.7634283437155556
0.2051898452202889
0.0010027323487654866
0.4554645185561218
0.25333565887119835
0.4015577940223281
0.6010300209298779
0.530374285790639
0.9937365986549213
0.20981968836470377
0.20758180210395533
0.24114322003804678
0.001427765352461873
0.30746098989623316
0.06012636135948138
0.1524764606463044
0.18146844143388086
0.32605442972115495
0.003312791029519704
0.12202038268318634
0.31733874924486594
0.4584239226091095
0.4021695236553992
0.3081855542996674
0.8763789509300302
0.5200936703474879
0.9039737433430353
0.9657900299818938
0.6675621063701801
0.7774552130163735
0.8748015139267621
0.5793300391218665
0.6580142447982728
0.527618977521587
0.5617079147761989
0.8836494065012993
0.5349072542794612
0.4905030804206111
0.3309636189171993
0.29968931058558507
0.05623004310651957
0.27976518059040717
0.5252913515652968
0.6303617723890886
0.5383645833824807
