0.3333333333333333
0.3333333333333333
0.3333333333333333
0.3333333333333333
0.3333333333333333
0.3333333333333333
0.3333333333333333
0.3333333333333333
0.3333333333333333
0.3333333333333333
0.3333333333333333
0.3333333333333333
0.3333333333333333
0.3333333333333333
0.3333333333333333
0.3333333333333333
0.3333333333333333
0.3333333333333333
0.5
0.5
0.3333333333333333
0.3333333333333333
0.3333333333333333
0.3333333333333333
0.3333333333333333
0.3333333333333333
0.4380514051238962
0.23841970322943762
0.5
0.5
0.26946209577271435
0.025097219410115994
0.3333333333333333
0.3333333333333333
0.330706172850302
0.06518951930387999
0.5
0.5
0.5
0.0869993790787187
0.1862071132232458
0.3303907750755813
0.3333333333333333
0.4834607170129518
0.3333333333333333
0.5
0.5
0.5
0.5
0.5
0.5
0.5
0.5
0.5
0.5
0.5
0.5
0.49467908399909694
0.3333333333333333
0.3333333333333333
0.3333333333333333
0.4583333333333333
0.3333333331908383
0.5
0.5
0.5
0.0012819104060653806
0.001522815990695904
0.001962624036722996
0.25
0.25
0.25
0.25
0.25
0.25
0.25
0.25
0.25
0.5
0.007605653782303601
0.5
0.3333333333333333
0.3333333333333333
0.06834673090637117
0.3333333333333333
0.3333333333333333
0.3333333333333333
0.5
0.21551504292578313
0.5
0.3333333333333333
0.3333333333333333
0.3148704620889308
0.3333333333333333
0.3333333333333333
0.3333333333333333
0.3333333333333333
0.3333333333333333
0.5085747308935078
0.5698187747776724
0.6437222296282952
0.6342786714014269
0.3333333333333333
0.3825237286401151
0.616443397868224
0.3333333333333333
0.6647886275594702
0.5
0.5
0.5
0.5
0.5
0.5
0.5
0.5
0.5
0.5
0.5
0.5
0.5
0.5
0.5
0.5
0.5
0.5
0.5
0.5
0.5
0.001659798684794378
0.761059890094552
0.5701092833081581
0.7046198856216314
