0.5
0.5
0.5
0.5
0.5
0.5
0.5
0.5
0.21860442284016768
0.5
0.7454969818688554
0.572665596034945
0.6574623318836293
0.9978575581189532
0.3257437730391107
0.2792135205418536
0.3333333333333333
0.3333333333333333
0.3333333333333333
0.3333333333333333
0.5
0.42639317183505315
0.5
0.5000000000361726
0.42750758230380925
0.11821138556959891
0.08595543556904628
0.5
0.5
0.5
0.5
0.5
0.5
0.5
0.5
0.5
0.5
0.5
0.5
0.5
0.5
0.5
0.5
0.5
0.5
0.0020276348099755315
0.6523661010319463
0.6331054594359102
0.7342576744966876
