0.5
0.5
0.5
0.5
0.5
0.5
0.5
0.5
0.047213954989210695
0.5
0.678165107932178
0.8127883750191921
0.73817707365322
0.733303587290611
0.202936908105439
0.0058820672990117
0.3333333333333333
0.3333333333333333
0.3333333333333333
0.3333333333333333
0.3333333333333333
0.3333333333333333
0.0022440235565292788
0.050639084427044435
0.1566231976847455
0.0017164780178819312
0.5
0.5
0.23944343839003462
0.1347940353550919
0.3484711197071192
0.5
0.5
0.5
0.5
0.5
0.5
0.5
0.5
0.5
0.5
0.5
0.5
0.5
0.5
0.5
0.5
0.5
0.5
0.0024508492928527192
0.5799040435301629
0.5040836357408683
0.8431257097432967
0.5
0.5
0.5
0.5
