0.5
0.5
0.5
0.5
0.5
0.5
0.5
0.5
0.4504377068739604
0.5
0.5141744366612095
0.9605317816943779
0.8085683013246683
0.5
0.004774123706753522
0.24843313468218509
0.3333333333333333
0.3333333333333333
0.3333333333333333
0.3333333333333333
0.3333333333333333
0.3333333333333333
0.30190427903967826
0.003608211829345647
0.0020485636663019383
0.0013409489208152546
0.5
0.5
0.4845271679693172
0.041451532527600754
0.07844205675428341
0.5
0.5
0.5
0.5
0.5
0.5
0.5
0.5
0.5
0.5
0.5
0.5
0.5
0.5
0.5
0.5
0.5
0.5
0.6571935753100263
0.5
0.803223398117527
0.5
0.5
0.5
0.5
