0.5
0.5
0.5
0.5
0.5
0.5
0.5
0.5
0.3578505986530984
0.5
0.7491467103496212
0.5670841062167148
0.8073008168499146
0.5038970127768615
0.015852792785488512
0.2817458899954554
0.3333333333333333
0.3333333333333333
0.3333333333333333
0.3333333333333333
0.3333333333333333
0.3333333333333333
0.022561111826440786
0.0020134611785086924
0.3006597796178019
0.0012415944842839564
0.5
0.5
0.3955490843776888
0.0016999541750131741
0.2499489106744805
0.5
0.5
0.5
0.5
0.5
0.5
0.5
0.5
0.5
0.5
0.5
0.5
0.5
0.5
0.5
0.5
0.5
0.5
0.5670589465561625
0.5400037984466068
0.7752279746208056
0.5
0.5
0.5
0.5
