0.5
0.5
0.5
0.5
0.5
0.5
0.5
0.5
0.4090948182902992
0.5
0.6604769041225002
0.7830610340586642
0.7769399103529031
0.6039347541347585
0.2183055673221718
0.0016936451382605327
0.3333333333333333
0.3333333333333333
0.3333333333333333
0.3333333333333333
0.3333333333333333
0.3333333333333333
0.01676144117262555
0.19148091068767958
0.0024364691589282977
0.030780270901201973
0.5
0.5
0.30042371379866434
0.1790796122537833
0.21500528311570544
0.5
0.5
0.5
0.5
0.5
0.5
0.5
0.5
0.5
0.5
0.5
0.5
0.5
0.5
0.5
0.5
0.5
0.5
0.0013175959066170084
0.6354243792008584
0.7072215060583772
0.6557425665104578
0.5
0.5
0.5
0.5
