0.3333333333333333
0.3333333333333333
0.3333333333333333
0.3333333333333333
0.3333333333333333
0.3333333333333333
0.3333333333333333
0.3333333333333333
0.3333333333333333
0.3333333333333333
0.3333333333333333
0.3333333333333333
0.3333333333333333
0.3333333333333333
0.3333333333333333
0.3333333333333333
0.3333333333333333
0.3333333333333333
0.5
0.5
0.3333333333333333
0.3333333333333333
0.3333333333333333
0.3333333333333333
0.3333333333333333
0.3333333333333333
0.2969242662951149
0.4960377406480844
0.5
0.5
0.3333333333333333
0.3333333333333333
0.3333333333333333
0.3333333333333333
0.3333333333333333
0.33528565508399916
0.5
0.5
0.5
0.1652183286560042
0.3333333333333333
0.3333333333333333
0.21095058107458559
0.3333333333333333
0.3333333333333333
0.5
0.5
0.5
0.5
0.5
0.5
0.5
0.5
0.5
0.5
0.5
0.5
0.46091060325229594
0.33333333486297395
0.3489583333333333
0.3333333349123172
0.39319747624082496
0.3333333333333333
0.5
0.5
0.5
0.024848166498485313
0.001093944609801216
0.19954440163249712
0.25
0.25
0.25
0.25
0.25
0.25
0.25
0.25
0.25
0.5
0.001031127897968419
0.5
0.3333333333333333
0.3333333333333333
0.001095579019368284
0.3333333333333333
0.3333333333333333
0.3333333333333333
0.5
0.0011548954311931415
0.5
0.3333333333333333
0.3333333333333333
0.008139238865238022
0.3333333333333333
0.3333333333333333
0.3333333333333333
0.3333333333333333
0.3333333333333333
0.5141921537698128
0.5038974115034943
0.5939047348703826
0.41096876304842395
0.5873275251922923
0.5901432560833123
0.4082510397587038
0.35479661305563825
0.5580768727701638
0.5
0.5
0.5
0.5
0.5
0.5
0.5
0.5
0.5
0.5
0.5
0.5
0.5
0.5
0.5
0.5
0.5
0.5
0.5
0.5
0.5
0.0021617943973865905
0.9939215404434725
0.6258190414065804
0.5176894936611541
