0.3333333333333333
0.3333333333333333
0.3333333333333333
0.3333333333333333
0.3333333333333333
0.3333333333333333
0.5
0.5
0.5
0.5
0.5
0.5
0.5940288530469793
0.9345879525373588
0.7465286041544463
0.7057969151256451
0.3333333333333333
0.3333333333333333
0.3333333333333333
0.3333333333333333
0.3333333333333333
0.3333333333333333
0.16114628830804484
0.00871376195228784
0.001530939953038199
0.3333333333333333
0.05973404022618593
0.004601959809426459
0.125
0.25
0.49609375
0.5
0.5
0.5
0.5
0.5
0.5
0.5
0.5
0.5
0.5
0.5
0.5
0.5
0.5
0.5
0.5
0.5
0.5
0.501953125
0.5
0.828125
