0.5
0.5
0.5
0.5
0.5
0.5
0.5
0.5
0.35137867383645616
0.5
0.7642197341121874
0.5149951913307397
0.8065356970812952
0.506066307735425
0.04727415132560475
0.05368678460561105
0.3333333333333333
0.3333333333333333
0.3333333333333333
0.3333333333333333
0.3333333333333333
0.3333333333333333
0.0017160683402065897
0.0010581310294830674
0.31537692820909985
0.008113915137946943
0.5
0.5
0.20618543287524688
0.14186925445295695
0.3916230858984187
0.5
0.5
0.5
0.5
0.5
0.5
0.5
0.5
0.5
0.5
0.5
0.5
0.5
0.5
0.5
0.5
0.5
0.5
0.0021754841971802982
0.7513382199626555
0.8620937229427441
0.5201144302169124
0.5
0.5
0.5
0.5
