0.5
0.5
0.5
0.5
0.5
0.5
0.5
0.5
0.34137519287526163
0.5
0.5159295230464859
0.9971905960488251
0.7349713494141028
0.7427958830654883
0.0036930225543665863
0.2985877730134035
0.3333333333333333
0.3333333333333333
0.3333333333333333
0.3333333333333333
0.3333333333333333
0.3333333333333333
0.0402215273840964
0.001705968879121996
0.05103619935762019
0.009342869219404309
0.5
0.5
0.1899143642142256
0.05684989331532924
0.5
0.5
0.5
0.5
0.5
0.5
0.5
0.5
0.5
0.5
0.5
0.5
0.5
0.5
0.5
0.5
0.5
0.5
0.5
0.5
0.94436800124304
0.6053199623346285
0.5
0.5
0.5
0.5
