0.3333333333333333
0.3333333333333333
0.3333333333333333
0.3333333333333333
0.3333333333333333
0.3333333333333333
0.3333333333333333
0.3333333333333333
0.3333333333333333
0.3333333333333333
0.3333333333333333
0.3333333333333333
0.3333333333333333
0.3333333333333333
0.3333333333333333
0.3333333333333333
0.3333333333333333
0.3333333333333333
0.5
0.5
0.3333333333333333
0.3333333333333333
0.3333333333333333
0.3333333333333333
0.3333333333333333
0.3333333333333333
0.5
0.12613408569405196
0.5
0.5
0.3333333333333333
0.3333333333333333
0.3333333333333333
0.3333333333333333
0.3333333333333333
0.3333333333333333
0.5
0.5
0.5
0.34068087235087763
0.1651651353388916
0.3333333333333333
0.3333333333333333
0.3294270833333333
0.33186248273637325
0.5
0.5
0.5
0.5
0.5
0.5
0.5
0.5
0.5
0.5
0.5
0.5
0.3661369120376511
0.33333333582646574
0.3337504096184381
0.33333333344074095
0.4925722705733383
0.33333333312532626
0.5
0.5
0.5
0.06286514153005106
0.1621768338344625
0.007038200356144417
0.25
0.25
0.25
0.25
0.25
0.25
0.25
0.25
0.25
0.5
0.0016804966696299865
0.5
0.3333333333333333
0.3333333333333333
0.008399086875881479
0.3333333333333333
0.3333333333333333
0.3333333333333333
0.5
0.24089112956482983
0.5
0.3333333333333333
0.3333333333333333
0.020306221224254593
0.3333333333333333
0.3333333333333333
0.3333333333333333
0.3333333333333333
0.3333333333333333
0.528625785916583
0.511695928583579
0.5688515460719843
0.34646756408409807
0.35325065885402457
0.3334227238093686
0.6137268440122612
0.4193779837006686
0.5710817275633792
0.5
0.5
0.5
0.5
0.5
0.5
0.5
0.5
0.5
0.5
0.5
0.5
0.5
0.5
0.5
0.5
0.5
0.5
0.5
0.5
0.5
0.0018322821888558534
0.5195082844744475
0.625
0.7560233296739409
