0.3333333333333333
0.3333333333333333
0.3333333333333333
0.3333333333333333
0.3333333333333333
0.3333333333333333
0.5
0.5
0.5
0.5
0.49999999976971726
0.4999999997998714
0.75
0.536346910497381
0.6639962875453456
0.9782299145548856
0.3333333333333333
0.3333333333333333
0.3333333333333333
0.3333333333333333
0.3333333333333333
0.3333333333333333
0.04626554756039868
0.08186102097697348
0.3320499808521594
0.034425135279343565
0.039128625416213945
0.04025714732953771
0.3671875
0.41491313767851473
0.005644814548409819
0.5
0.5
0.5
0.5
0.5
0.5
0.5
0.5
0.5
0.5
0.5
0.5
0.5
0.5
0.5
0.5
0.5
0.5
0.574215811546001
0.7323296945403031
0.7376882300646539
