0.9958472264219
0.5
0.5
0.5
0.5
0.5
0.5
0.5
0.17822142120255174
0.5
0.7408209984269749
0.5746911601787805
0.806938875863137
0.5057862844346118
0.0036405502724367045
0.23002352855469688
0.3333333333333333
0.3333333333333333
0.3333333333333333
0.3333333333333333
0.3333333333333333
0.3333333333333333
0.0969819836885891
0.23019021288453906
0.2097358006708976
0.28463835983329455
0.5
0.5
0.43895385432785383
0.15562110518261155
0.032053970325519585
0.5
0.5
0.5
0.5
0.5
0.5
0.5
0.5
0.5
0.5
0.5
0.5
0.5
0.5
0.5
0.5
0.5
0.2799427062337891
0.04177058581067026
0.8108593788745397
0.844760240660182
0.9975117407394181
0.16007231044520587
0.49051178717345434
0.46995062180468394
0.49805067850246315
