0.3333333333333333
0.3333333333333333
0.3333333333333333
0.3333333333333333
0.3333333333333333
0.3333333333333333
0.5
0.5
0.5
0.5
0.5
0.5
0.8252100726434184
0.5
0.7259534500119458
0.7739432332678562
0.3333333333333333
0.1855492167482734
0.3333333328058951
0.23274035998571024
0.333333332981796
0.26385471996745413
0.03005437721715623
0.0019181355372976877
0.16208458586912744
0.17278908312966124
0.1342282655681899
0.08540008394714295
0.03990997365116489
0.31944732134921516
0.4605451146592932
0.5
0.5
0.5
0.5
0.5
0.5
0.5
0.5
0.5
0.5
0.5
0.5
0.5
0.5
0.5
0.3942464403644133
0.46184057196102424
0.34160032364543136
0.8528353920569274
0.7863157413006225
0.8689666085878324
