9.733415646134743193e-01
5.000000000000000000e-01
5.000000000000000000e-01
5.000000000000000000e-01
5.000000000000000000e-01
5.000000000000000000e-01
5.000000000000000000e-01
5.000000000000000000e-01
3.822488175631445495e-01
5.000000000000000000e-01
7.082612742932730132e-01
6.515040476924094381e-01
7.194843775238382033e-01
7.941083173453480359e-01
1.965498933038358487e-01
1.179511199730476773e-01
3.333333333333333703e-01
3.333333333333333703e-01
3.333333333333333703e-01
3.333333333333333703e-01
3.333333333333333703e-01
3.333333333333333703e-01
1.023642334010943095e-01
9.049146529017498830e-02
7.540016335248847512e-02
1.565550499481538904e-01
5.000000000000000000e-01
5.000000000000000000e-01
2.702102101339539098e-01
3.058290463942153758e-01
1.313516187346253083e-01
5.000000000000000000e-01
5.000000000000000000e-01
5.000000000000000000e-01
5.000000000000000000e-01
5.000000000000000000e-01
5.000000000000000000e-01
5.000000000000000000e-01
5.000000000000000000e-01
5.000000000000000000e-01
5.000000000000000000e-01
5.000000000000000000e-01
5.000000000000000000e-01
5.000000000000000000e-01
5.000000000000000000e-01
5.000000000000000000e-01
5.000000000000000000e-01
5.000000000000000000e-01
2.021066454108829402e-01
2.521406628083374679e-01
8.190149189816711139e-01
9.232239204706678137e-01
8.732036063285664174e-01
3.463162897630850945e-01
4.354691594257145693e-01
4.180364043300623389e-01
4.307041056957572889e-01
