0.9328926894589059
0.5
0.5
0.5
0.5
0.5
0.5
0.5
0.49370620437910223
0.5
0.7510958787816818
0.5455976382301295
0.7814700783621032
0.5897408133485128
0.3158417344250414
0.2259937547834708
0.3333333333333333
0.3333333333333333
0.3333333333333333
0.3333333333333333
0.3333333333333333
0.3333333333333333
0.06640250111266471
0.0013812886068324218
0.0013274423387961533
0.01276199314280248
0.5
0.5
0.4178862447729525
0.0010505859935481198
0.21819811288759242
0.5
0.5
0.5
0.5
0.5
0.5
0.5
0.5
0.5
0.5
0.5
0.5
0.5
0.5
0.5
0.5
0.5
0.13686492021070695
0.4208516745611693
0.5810029725989615
0.7918697184093282
0.9894932817342862
0.4713683194084546
0.4430955598370321
0.4006438261285623
0.3445532543373935
