0.9983020159861521
0.5
0.5
0.5
0.5
0.5
0.5
0.5
0.48303972460032135
0.5
0.7532476124065841
0.5438585602538573
0.7509561393955001
0.6908228118225909
0.17708100927544418
0.3047735218219291
0.3333333333333333
0.3333333333333333
0.3333333333333333
0.3333333333333333
0.3333333333333333
0.3333333333333333
0.26306977381035723
0.28478066918830786
0.2413009886118102
0.13139029184548964
0.5
0.5
0.07773249283860774
0.35120001717756266
0.37208318171103183
0.5
0.5
0.5
0.5
0.5
0.5
0.5
0.5
0.5
0.5
0.5
0.5
0.5
0.5
0.5
0.5
0.5
0.11427810578262222
0.4819499919046835
0.7421801560298475
0.9937169210937968
0.9155918251873165
0.22713951964334347
0.4849499976528159
0.4844286262316014
0.49695339587982695
