0.3333333333333333
0.3333333333333333
0.3333333333333333
0.3333333333333333
0.3333333333333333
0.3333333333333333
0.5
0.5
0.5
0.5
0.7690723643494267
0.6311256101104357
0.3333333318970198
0.2648805494188549
0.335285055765212
0.13748504863909744
0.33333333317543495
0.3333333333333333
0.5
0.09759658868249557
0.4880164503867037
0.20627128963140978
0.5
0.5
0.5
0.5
0.5
0.5
0.5
0.5
0.5
0.5
0.5
0.5
0.5
0.5
0.5
0.3490268448763691
0.4076185005942457
0.4479487514363917
0.5848197814840981
0.9984984469204411
0.9985496089387393
