3.333333333333333703e-01
3.333333333333333703e-01
3.333333333333333703e-01
3.333333333333333703e-01
3.333333333333333703e-01
3.333333333333333703e-01
5.000000000000000000e-01
5.000000000000000000e-01
5.000000000000000000e-01
5.000000000000000000e-01
5.000000000000000000e-01
5.000000000000000000e-01
7.333371554082536159e-01
6.005447717260662399e-01
7.585876507012963010e-01
6.651792364358010134e-01
3.333333318824199809e-01
2.904243019427186767e-01
3.333333334608879484e-01
2.628087644163547565e-01
3.333333332649519032e-01
2.010379692062239931e-01
7.594115954068225705e-02
1.486784205299401251e-01
1.400982180356718509e-01
1.039174768548984940e-01
1.730705064589873610e-01
1.397781689301200447e-01
2.480684569732046207e-01
2.572424965899768323e-01
2.429172625945380248e-01
5.000000000000000000e-01
5.000000000000000000e-01
5.000000000000000000e-01
5.000000000000000000e-01
5.000000000000000000e-01
5.000000000000000000e-01
5.000000000000000000e-01
5.000000000000000000e-01
5.000000000000000000e-01
5.000000000000000000e-01
5.000000000000000000e-01
5.000000000000000000e-01
5.000000000000000000e-01
5.000000000000000000e-01
5.000000000000000000e-01
3.754499112170440744e-01
3.402330991251858450e-01
3.647392394219100553e-01
7.945253200890766143e-01
8.192460747007566102e-01
7.786012086076736782e-01
