0.3333333333333333
0.3333333333333333
0.3333333333333333
0.3333333333333333
0.3333333333333333
0.3333333333333333
0.5
0.5
0.5
0.5
0.5
0.5
0.73255292148269
0.6411924473887546
0.656947544105504
0.9989926828615998
0.33333333267787457
0.33242089272570935
0.3333333353753291
0.12452710208414904
0.3333333339285675
0.3252461497196765
0.10004978442255905
0.047381543923982423
0.12100711583621954
0.028341373082793383
0.29114052218765357
0.006179422618836709
0.025649747107487554
0.49328315298967995
0.3073976903215033
0.5
0.5
0.5
0.5
0.5
0.5
0.5
0.5
0.5
0.5
0.5
0.5
0.5
0.5
0.5
0.5
0.1567216900021694
0.2507068683943695
0.6550059092590003
0.7237837440078456
0.9973629508855315
