0.3333333333333333
0.3333333333333333
0.3333333333333333
0.3333333333333333
0.3333333333333333
0.3333333333333333
0.5
0.5
0.5
0.5
0.7655430659023255
0.6424588802302863
0.3333333333044156
0.258412412445182
0.33333333414521804
0.3189474315089113
0.3640781143621754
0.125807009900575
0.5
0.21313258056237464
0.12362370670700974
0.39939084794263197
0.5
0.5
0.5
0.5
0.5
0.5
0.5
0.5
0.5
0.5
0.5
0.5
0.5
0.5
0.5
0.2799430653725414
0.48347519019998636
0.5
0.9849392613522675
0.6682681308912992
0.9987825159633721
