0.3333333333333333
0.3333333333333333
0.3333333333333333
0.3333333333333333
0.3333333333333333
0.3333333333333333
0.5
0.5
0.5
0.5
0.8086266831594601
0.5
0.3333333333333333
0.3272095222557517
0.33333333568301166
0.13702286890752688
0.33333333296265916
0.31722552487857203
0.5
0.39202654811462334
0.007371150688957551
0.31026553657092115
0.5
0.5
0.5
0.5
0.5
0.5
0.5
0.5
0.5
0.5
0.5
0.5
0.5
0.5
0.5
0.30098641487460914
0.49930363233872926
0.48363341034062884
0.8831255100588646
0.9531949640133688
0.8149281048168735
