0.9989266951735998
0.5
0.5
0.5
0.5
0.5
0.5
0.5
0.4724321933136628
0.5
0.6512166330064306
0.8118715014050102
0.7739052689700638
0.6137922087875088
0.02756759560532756
0.06301520592434107
0.3333333333333333
0.3333333333333333
0.3333333333333333
0.3333333333333333
0.3333333333333333
0.3333333333333333
0.014276065518274136
0.1743727787652396
0.0010145584679249224
0.02480443614480427
0.5
0.5
0.35405157474898025
0.21611410202188358
0.0887126075014973
0.5
0.5
0.5
0.5
0.5
0.5
0.5
0.5
0.5
0.5
0.5
0.5
0.5
0.5
0.5
0.5
0.5
0.2672350113430263
0.07302599373740461
0.9980411052803327
0.6670869800452592
0.9882093515275114
0.19129149985517613
0.46696206454575506
0.4801264443347307
0.45579546287368305
