0.9878892557888911
0.5
0.5
0.5
0.5
0.5
0.5
0.5
0.2287071230017328
0.5
0.739075244502831
0.5174009446409116
0.7858068097575525
0.5753677025968449
0.2752502649297249
0.04848472234846944
0.3333333333333333
0.3333333333333333
0.3333333333333333
0.3333333333333333
0.3333333333333333
0.3333333333333333
0.3142505147984048
0.0035479542224138155
0.14366385312371374
0.0016246095989592693
0.5
0.5
0.3347611155000875
0.3334802204822973
0.009539899594458334
0.5
0.5
0.5
0.5
0.5
0.5
0.5
0.5
0.5
0.5
0.5
0.5
0.5
0.5
0.5
0.5
0.5
0.12320316766561905
0.4569620831621101
0.640165475666037
0.9982622366063441
0.9971641184630617
0.4194088644924658
0.4663144001294883
0.2719948554955167
0.45310148422761387
