0.3333333333333333
0.3333333333333333
0.3333333333333333
0.3333333333333333
0.3333333333333333
0.3333333333333333
0.5
0.5
0.5
0.5
0.5
0.5
0.7341309271043093
0.5732115628149963
0.8081490888142215
0.501859852597214
0.33333333124505277
0.3278878251690399
0.3333333324570554
0.3333333333333333
0.3333333333333333
0.11782765450985208
0.013195984868476684
0.0010004717881241972
0.001816951299516048
0.2525649318684652
0.06485912895371732
0.25586277631835247
0.418682004533574
0.003754638867964538
0.21376565705171025
0.5
0.5
0.5
0.5
0.5
0.5
0.5
0.5
0.5
0.5
0.5
0.5
0.5
0.5
0.5
0.3406159257460576
0.36674420077676506
0.4421596101319278
0.6181401801212959
0.9824458775117731
0.5956773971940719
