0.3333333333333333
0.3333333333333333
0.3333333333333333
0.3333333333333333
0.3333333333333333
0.3333333333333333
0.5
0.5
0.5
0.5
0.663208855196987
0.9981815111677216
0.33333333488854866
0.192704210063726
0.3333333330329737
0.1845992123776348
0.33333333203334325
0.30989481252898504
0.5
0.18946905756521895
0.1954568181324965
0.3629288677074579
0.5
0.5
0.5
0.5
0.5
0.5
0.5
0.5
0.5
0.5
0.5
0.5
0.5
0.5
0.5
0.4457855222634627
0.1283139518149537
0.46879717778749586
0.9943069975044461
0.5091374574712487
0.8798895916665406
