3.333333333333333703e-01
3.333333333333333703e-01
3.333333333333333703e-01
3.333333333333333703e-01
3.333333333333333703e-01
3.333333333333333703e-01
5.000000000000000000e-01
5.000000000000000000e-01
5.000000000000000000e-01
5.000000000000000000e-01
7.187776907672395188e-01
7.976276930287071742e-01
3.333333330140691997e-01
2.832408230135650129e-01
3.335285063624263691e-01
2.307979718206059072e-01
3.364078114602441771e-01
2.205491138230163961e-01
4.999999999996336264e-01
2.453726281481008464e-01
2.675102480812578953e-01
2.304027231504978401e-01
5.000000000000000000e-01
5.000000000000000000e-01
5.000000000000000000e-01
5.000000000000000000e-01
5.000000000000000000e-01
5.000000000000000000e-01
5.000000000000000000e-01
5.000000000000000000e-01
5.000000000000000000e-01
5.000000000000000000e-01
5.000000000000000000e-01
5.000000000000000000e-01
5.000000000000000000e-01
5.000000000000000000e-01
5.000000000000000000e-01
3.614002987171118231e-01
4.023532243071856196e-01
3.922518000310099007e-01
8.651039157260755896e-01
8.386230445213932461e-01
8.993022480344750047e-01
