0.9985845947364822
0.5
0.5
0.5
0.5
0.5
0.5
0.5
0.4270117597296568
0.5
0.7202555156351288
0.5422334504477577
0.6573504568437613
0.9984718464764417
0.1339165118434656
0.026284256081595916
0.3333333333333333
0.3333333333333333
0.3333333333333333
0.3333333333333333
0.3333333333333333
0.3333333333333333
0.04185338512746671
0.001352611825890488
0.05250500128322021
0.279604411160425
0.5
0.5
0.21455193854886018
0.4395961603206876
0.0807126546106656
0.5
0.5
0.5
0.5
0.5
0.5
0.5
0.5
0.5
0.5
0.5
0.5
0.5
0.5
0.5
0.5
0.5
0.12283306366409444
0.4581550971045419
0.8578628266644686
0.9984650287273044
0.77941729044233
0.4630209704473424
0.4997539658777499
0.4894726660035359
0.42492549069098373
