0.3333333333333333
0.3333333333333333
0.3333333333333333
0.3333333333333333
0.3333333333333333
0.3333333333333333
0.5
0.5
0.5
0.5
0.8070209220643253
0.5054307971161911
0.3333333334070626
0.2846154469930765
0.33333333341367627
0.32266498536299126
0.33333333444687874
0.14432635560672064
0.5
0.22439500579335536
0.4801107867372445
0.026046425815751752
0.5
0.5
0.5
0.5
0.5
0.5
0.5
0.5
0.5
0.5
0.5
0.5
0.5
0.5
0.5
0.359211431315208
0.2788220652379152
0.5
0.9949311773522204
0.8926139784260974
0.7630693694076401
