0.3333333333333333
0.3333333333333333
0.3333333333333333
0.3333333333333333
0.3333333333333333
0.3333333333333333
0.5
0.5
0.5
0.5
0.6566838823332235
0.9982786724919694
0.3333333333333333
0.32800767156220867
0.33333333344755417
0.13392623940285386
0.3333333366768389
0.31998478752482307
0.499999999996336
0.042134321146970896
0.49472213648997604
0.28141373121652696
0.5
0.5
0.5
0.5
0.5
0.5
0.5
0.5
0.5
0.5
0.5
0.5
0.5
0.5
0.5
0.3890666081045792
0.5097640996180675
0.23874140666025626
0.8041170012168407
0.8568327686503141
0.9592421108460807
