0.3333333333333333
0.3333333333333333
0.3333333333333333
0.3333333333333333
0.3333333333333333
0.3333333333333333
0.5
0.5
0.5
0.5
0.5
0.5
0.7550036879507346
0.5240148842119998
0.8025471856394696
0.5199596623857186
0.3333333332973578
0.25572870422319743
0.33333333342206906
0.23736810536833833
0.3333333353056473
0.23819758959053108
0.02705076750099536
0.014837622465158434
0.04861395813004102
0.009031374713101642
0.2287283626259268
0.2648633892922562
0.22720355663060324
0.39163462309753877
0.10992988356851559
0.5
0.5
0.5
0.5
0.5
0.5
0.5
0.5
0.5
0.5
0.5
0.5
0.5
0.5
0.5
0.1619111311429689
0.48255314405553346
0.37321667503275235
0.9326211048909675
0.9200666421164586
0.7985790975701056
