5.000000000000000000e-01
5.000000000000000000e-01
5.000000000000000000e-01
5.000000000000000000e-01
7.352129091784151971e-01
7.420672133819260496e-01
7.097567094400487608e-01
4.999999999343730517e-01
2.506041165824582917e-01
2.933410981478024593e-01
2.556377280475992109e-01
5.000000000000000000e-01
5.000000000000000000e-01
5.000000000000000000e-01
5.000000000000000000e-01
5.000000000000000000e-01
5.000000000000000000e-01
5.000000000000000000e-01
5.000000000000000000e-01
5.000000000000000000e-01
5.000000000000000000e-01
5.000000000000000000e-01
5.000000000000000000e-01
5.000000000000000000e-01
5.000000000000000000e-01
5.000000000000000000e-01
3.532125424095153843e-01
3.669416330547502492e-01
4.067572730536247461e-01
8.050770571292616973e-01
8.862063080262867487e-01
7.810585544643472433e-01
