0.9882074545524393
0.5
0.5
0.5
0.5
0.5
0.5
0.5
0.4059731262684424
0.5
0.6520205398869593
0.8099694030653422
0.6565429634168071
0.9989721657282843
0.3115306953943578
0.15663616463307697
0.3333333333333333
0.3333333333333333
0.3333333333333333
0.3333333333333333
0.3333333333333333
0.3333333333333333
0.10539446348919392
0.04556890132556512
0.0010793517863376017
0.10384714971752512
0.5
0.5
0.3984584155027752
0.24027023662312813
0.007404776092491491
0.5
0.5
0.5
0.5
0.5
0.5
0.5
0.5
0.5
0.5
0.5
0.5
0.5
0.5
0.5
0.5
0.5
0.20695735471740626
0.23059745021996242
0.6802805386552814
0.9799578947935037
0.9926194768420545
0.37203059039406594
0.44399859263139824
0.23535974769185813
0.4902252794172479
