0.3333333333333333
0.3333333333333333
0.3333333333333333
0.3333333333333333
0.3333333333333333
0.3333333333333333
0.5
0.5
0.5
0.5
0.6579269055246997
0.9976241471195232
0.33333333331612847
0.3223646889880131
0.33333333342402716
0.33330587431115655
0.3333333340870384
0.12226287436438224
0.5
0.44751536887876037
0.1645462753586389
0.011051778675229086
0.5
0.5
0.5
0.5
0.5
0.5
0.5
0.5
0.5
0.5
0.5
0.5
0.5
0.5
0.5
0.37781148902278283
0.5
0.23300137232241108
0.9693241200528713
0.7157587559265812
0.9665537866435395
