0.3333333333333333
0.3333333333333333
0.3333333333333333
0.3333333333333333
0.3333333333333333
0.3333333333333333
0.5
0.5
0.5
0.5
0.5
0.5
0.6519089073562242
0.78467941526447
0.6846636199877815
0.9101582568298272
0.33333332945370375
0.1991719102420342
0.3333333327850815
0.16379040374202897
0.3333333320381175
0.3287369774370495
0.04795153599969335
0.326683050161896
0.0013199565295102561
0.05886637168368117
0.21560139032428352
0.1082255255670997
0.3296216698010339
0.0011988658453100918
0.35507008311539395
0.5
0.5
0.5
0.5
0.5
0.5
0.5
0.5
0.5
0.5
0.5
0.5
0.5
0.5
0.5
0.46058217426894676
0.26607266251498424
0.29124574918675133
0.6601727327916264
0.7178748640975081
0.5587205748214706
