0.3333333333333333
0.3333333333333333
0.3333333333333333
0.3333333333333333
0.3333333333333333
0.3333333333333333
0.5
0.5
0.5
0.5
0.5
0.5
0.6121611341137077
0.7149500396367864
0.7503118912287875
0.6925869184315213
0.3333333314816478
0.3333333333333333
0.33333333392075293
0.32063518961254683
0.3333333326862316
0.13163035537053588
0.11511048560071148
0.21428731764981415
0.23845695036856324
0.0010944751897191268
0.08361820270153116
0.10162372552117163
0.4491450686816966
0.3977530933807582
0.0018003627142549293
0.5
0.5
0.5
0.5
0.5
0.5
0.5
0.5
0.5
0.5
0.5
0.5
0.5
0.5
0.5
0.4009518431983315
0.2629674215498704
0.45337373836499356
0.9986537526633666
0.7952859183441071
0.8582834074123121
