0.3333333333333333
0.3333333333333333
0.3333333333333333
0.3333333333333333
0.3333333333333333
0.3333333333333333
0.5
0.5
0.5
0.5
0.5
0.5
0.6801965898443045
0.7140859109027191
0.8071843870862776
0.5045725608389282
0.33333333253424413
0.3215291165940923
0.3333333360448517
0.227900390674399
0.3333333333333333
0.22590639754388817
0.08643482038127771
0.31185190608290886
0.31800484960671715
0.06579990661495193
0.10208909161272454
0.20857001227650712
0.1272485531992691
0.16203253748953628
0.4882687310221907
0.5
0.5
0.5
0.5
0.5
0.5
0.5
0.5
0.5
0.5
0.5
0.5
0.5
0.5
0.5
0.3863084073072751
0.2666299659984577
0.4889986936662301
0.5992878695836213
0.5037885188651541
0.9980371500658393
