0.3333333333333333
0.3333333333333333
0.3333333333333333
0.3333333333333333
0.3333333333333333
0.3333333333333333
0.5
0.5
0.5
0.5
0.5
0.5
0.7598405110561863
0.5083790151974008
0.7369510404931262
0.73718826044275
0.333333332607398
0.3192088960811041
0.3333333332032817
0.323958333378808
0.3333333330478095
0.13251639408976632
0.17441483293063126
0.24865862006262102
0.22919753008991578
0.26216555998636426
0.18447064827355905
0.162814809676776
0.20948154903932353
0.42626543410867307
0.10235930658797635
0.5
0.5
0.5
0.5
0.5
0.5
0.5
0.5
0.5
0.5
0.5
0.5
0.5
0.5
0.5
0.19987218380499772
0.5
0.5
0.6734583066830515
0.97525070567033
0.9988480542073833
