0.3333333333333333
0.3333333333333333
0.3333333333333333
0.3333333333333333
0.3333333333333333
0.3333333333333333
0.5
0.5
0.5
0.5
0.746245134602489
0.7064101214290881
0.3333333333333333
0.3333333333333333
0.3333333333333333
0.3025526913622158
0.3333333333333333
0.024253418588310593
0.5
0.2984068255054852
0.395326573668928
0.0012142956262594443
0.5
0.5
0.5
0.5
0.5
0.5
0.5
0.5
0.5
0.5
0.5
0.5
0.5
0.5
0.5
0.47478759018142097
0.32306209898209726
0.19663088905291737
0.8359720306516628
0.9527142013085583
0.750896300066965
