0.8352602243427004
0.5
0.5
0.5
0.5
0.5
0.5
0.5
0.46940825539403386
0.5
0.6401250763187313
0.8367394316594226
0.6585185426320066
0.9968071041914637
0.31968820038016094
0.09717744032881098
0.3333333333333333
0.3333333333333333
0.3333333333333333
0.3333333333333333
0.3333333333333333
0.3333333333333333
0.07971781325407447
0.045401496391297674
0.038942813698877456
0.18437095468075532
0.5
0.5
0.23574035723349418
0.3395489650084595
0.1500375594267677
0.5
0.5
0.5
0.5
0.5
0.5
0.5
0.5
0.5
0.5
0.5
0.5
0.5
0.5
0.5
0.5
0.5
0.16143167236751177
0.35545709956503374
0.9983656268780501
0.9978116622117451
0.6541372760457217
0.48782006290569824
0.3108554373083535
0.4170316850892
0.4381407926283462
