0.3333333333333333
0.3333333333333333
0.3333333333333333
0.3333333333333333
0.3333333333333333
0.3333333333333333
0.5
0.5
0.5
0.5
0.5
0.5
0.8359096004338846
0.5
0.8075396038983349
0.5035333360682643
0.33333333229365103
0.3310956503030754
0.3333333333333333
0.33050109265090055
0.3333333335092474
0.12241520684307702
0.16380860526367647
0.09186296584038288
0.001241230652446303
0.1873892977769316
0.17795369596522823
0.19753690118754613
0.1965924754680443
0.20525304764463742
0.3670141298615375
0.5
0.5
0.5
0.5
0.5
0.5
0.5
0.5
0.5
0.5
0.5
0.5
0.5
0.5
0.5
0.4399270119977352
0.30296178555059233
0.3097827034537948
0.9582933142789413
0.9877046536618547
0.5061652727829713
