0.3333333333333333
0.3333333333333333
0.3333333333333333
0.3333333333333333
0.3333333333333333
0.3333333333333333
0.5
0.5
0.5
0.5
0.6568491180533361
0.9982904167510736
0.3333333299941834
0.24028656148960845
0.3333333333624211
0.29020561397514794
0.3333333336327425
0.1876007537951159
0.5
0.24089491248471873
0.19134960499098616
0.4585785762341303
0.5
0.5
0.5
0.5
0.5
0.5
0.5
0.5
0.5
0.5
0.5
0.5
0.5
0.5
0.5
0.38959624284230565
0.39317270428586165
0.3537649927099978
0.7133246751473598
0.9848748231953874
0.9544704775786734
