0.9985567097516301
0.5
0.5
0.5
0.5
0.5
0.5
0.5
0.20846146178109404
0.5
0.7128936024867073
0.7636221842659426
0.6639131870799196
0.9775084369616572
0.10366218635025858
0.011196531118081242
0.3333333333333333
0.3333333333333333
0.3333333333333333
0.3333333333333333
0.3333333333333333
0.3333333333333333
0.03470344759734442
0.017136384682286968
0.03862032179421495
0.24675577184088499
0.5
0.5
0.2282969686514664
0.49887254334855535
0.001021141067006348
0.5
0.5
0.5
0.5
0.5
0.5
0.5
0.5
0.5
0.5
0.5
0.5
0.5
0.5
0.5
0.5
0.5
0.3092932837103224
0.0013385079436071447
0.9278499375378595
0.9984650290929955
0.683083781231736
0.28962780561234147
0.28962780561234147
0.5
0.33391667539115566
