0.9989487799220428
0.5
0.5
0.5
0.5
0.5
0.5
0.5
0.4555269059608479
0.5
0.7218616414807016
0.5690562027769397
0.6594414529175303
0.9938137991055633
0.297320184562141
0.015926074136004473
0.3333333333333333
0.3333333333333333
0.3333333333333333
0.3333333333333333
0.3333333333333333
0.3333333333333333
0.006992385614573521
0.10118235500937692
0.025811501749091935
0.2957525215165981
0.5
0.5
0.0016691392144611667
0.4825365277834202
0.3537522841292224
0.5
0.5
0.5
0.5
0.5
0.5
0.5
0.5
0.5
0.5
0.5
0.5
0.5
0.5
0.5
0.5
0.5
0.29902716841373106
0.0012981440741914613
0.9535411716313341
0.9618434930662197
0.7348079210722286
0.3813829544267571
0.4586219834887562
0.4313555705209343
0.37137854300885875
