0.3333333333333333
0.3333333333333333
0.3333333333333333
0.3333333333333333
0.3333333333333333
0.3333333333333333
0.5
0.5
0.5
0.5
0.5
0.5
0.7464572020970758
0.5449344418435353
0.8056286957475144
0.5089976006343295
0.33333332989993664
0.2983174740073269
0.3333333312612298
0.3333333333333333
0.33333333248543584
0.12404824699040921
0.0013404012216449955
0.22830257178721525
0.2792390519746617
0.0011323945033153951
0.24801575637705947
0.006705042895511534
0.45714997161984905
0.1718022511264549
0.023021667043004845
0.5
0.5
0.5
0.5
0.5
0.5
0.5
0.5
0.5
0.5
0.5
0.5
0.5
0.5
0.5
0.47008399433971393
0.33583954884246203
0.19630803234285013
0.9967846385619684
0.7999440814319116
0.6053715725492181
