0.3333333333333333
0.3333333333333333
0.3333333333333333
0.3333333333333333
0.3333333333333333
0.3333333333333333
0.3333333333333333
0.3333333333333333
0.3333333333333333
0.3333333333333333
0.3333333333333333
0.3333333333333333
0.3333333333333333
0.3333333333333333
0.3333333333333333
0.3333333333333333
0.3333333333333333
0.3333333333333333
0.5
0.5
0.3333333333333333
0.3333333333333333
0.3333333333333333
0.3333333333333333
0.3333333333333333
0.3333333333333333
0.4921892362667355
0.14081434400919887
0.5
0.5
0.3333333333333333
0.33528645645012134
0.3333333333333333
0.3333333333333333
0.3333333333333333
0.3333333333333333
0.5
0.5
0.5
0.3643998772922994
0.3333333333333333
0.32924079843010867
0.33199730498677077
0.2779451783172167
0.19305780065716832
0.5
0.5
0.5
0.5
0.5
0.5
0.5
0.5
0.5
0.5
0.5
0.5
0.3931578141503741
0.3333333333333333
0.3542188220857449
0.33333333408968924
0.45942178190280103
0.33333333356004186
0.5
0.5
0.5
0.005515099917161254
0.0025497279325096016
0.004594546518754735
0.25
0.25
0.25
0.25
0.25
0.25
0.25
0.25
0.25
0.5
0.009638605597875435
0.5
0.3333333333333333
0.3333333333333333
0.04531579759237361
0.3333333333333333
0.3333333333333333
0.3333333333333333
0.5
0.2481701719266673
0.5
0.3333333333333333
0.3333333333333333
0.10237536358587826
0.3333333333333333
0.3333333333333333
0.3333333333333333
0.3333333333333333
0.3333333333333333
0.5432839877838718
0.5110063481229667
0.59060526541008
0.4626924116144193
0.5082339184103589
0.3823744975868559
0.3474490673339701
0.43577235100598277
0.33354399952706854
0.5
0.5
0.5
0.5
0.5
0.5
0.5
0.5
0.5
0.5
0.5
0.5
0.5
0.5
0.5
0.5
0.5
0.5
0.5
0.5
0.5
0.0019809923284898508
0.6456963329000993
0.5250056215263686
0.7424293367213657
