0.5
0.5
0.5
0.5
0.5
0.5
0.5
0.5
0.41775727604067775
0.5
0.7206215376103292
0.6283817648415475
0.6887866420938994
0.8956873550663152
0.3143711882736217
0.17185005057639213
0.3333333333333333
0.3333333333333333
0.3333333333333333
0.3333333333333333
0.3333333333333333
0.3333333333333333
0.07142907284746369
0.3011313381426563
0.31797682065326066
0.06003486071309556
0.5
0.5000000000147972
0.0010626549518100335
0.47441468773860174
0.3634163439093034
0.5
0.5
0.5
0.5
0.5
0.5
0.5
0.5
0.5
0.5
0.5
0.5
0.5
0.5
0.5
0.5
0.5
0.5
0.0024691290427302226
0.6809262819084331
0.92760334078069
0.5224250477158011
0.5
0.5
0.5
0.5
