0.5
0.5
0.5
0.5
0.5
0.5
0.5
0.5
0.307190411919711
0.5
0.5032153405537783
0.5975314687114603
0.7665081560974281
0.6396806426954122
0.19786001851389462
0.07843192683573663
0.3333333333333333
0.3333333333333333
0.3333333333333333
0.3333333333333333
0.3333333333333333
0.3333333333333333
0.0011641988197883361
0.0015282905554816345
0.09013921614582668
0.021453217297180055
0.5
0.5
0.25
0.009498993770727356
0.4581054235890928
0.5
0.5
0.5
0.5
0.5
0.5
0.5
0.5
0.5
0.5
0.5
0.5
0.5
0.5
0.5
0.5
0.5
0.5
0.5012297362465308
0.501953125
0.8276736412102118
0.5
0.5
0.5
0.5
