0.9148429690514857
0.5
0.5
0.5
0.5
0.5
0.5
0.5
0.48022087988171025
0.5
0.7605257854875759
0.5248451562308308
0.7960542192078732
0.5420474286347376
0.26852875746316396
0.03165012312865858
0.3333333333333333
0.3333333333333333
0.3333333333333333
0.3333333333333333
0.3333333333333333
0.3333333333333333
0.0016585782502299687
0.06616082842174792
0.0019140836732284168
0.012915318744391365
0.5
0.5
0.2556466949435495
0.004324262040575504
0.45526826998013986
0.5
0.5
0.5
0.5
0.5
0.5
0.5
0.5
0.5
0.5
0.5
0.5
0.5
0.5
0.5
0.5
0.5
0.5
0.5010913811729186
0.9983596242166546
0.755921229289317
0.42429265593137666
0.3968414840707118
0.33613200763060724
0.2722490572565889
