0.891395142979913
0.5
0.5
0.5
0.5
0.5
0.5
0.5
0.4255896799083201
0.5
0.649948195480779
0.5575984536894388
0.6574052110860344
0.9983804016635673
0.0820206056386293
0.017690176494517984
0.3333333333333333
0.3333333333333333
0.3333333333333333
0.3333333333333333
0.3333333333333333
0.3333333333333333
0.013399511991134608
0.010052984705035508
0.254341565063989
0.0011753940593492698
0.5
0.5
0.24964535153148262
0.4673128231528557
0.0013782971492115048
0.5
0.5
0.5
0.5
0.5
0.5
0.5
0.5
0.5
0.5
0.5
0.5
0.5
0.5
0.5
0.5
0.5
0.5
0.0013920567956131058
0.9880862947966654
0.8746395783907133
0.9853146036513813
0.33788557892668125
0.49112333491593646
0.47942938061666596
0.4310831483367913
