0.6643987793333732
0.5
0.5
0.5
0.5
0.5
0.5
0.5
0.12460851984048427
0.5
0.7488985189067223
0.5796479885671746
0.7980684752741216
0.534207457887107
0.31198374179512833
0.0014469579181027158
0.3333333333333333
0.3333333333333333
0.3333333333333333
0.3333333333333333
0.5
0.12543407118705607
0.5
0.5
0.1736973549238498
0.3667474919917436
0.21423925765224375
0.5
0.5
0.5
0.5
0.5
0.5
0.5
0.5
0.5
0.5
0.5
0.5
0.5
0.5
0.5
0.5
0.5
0.5
0.002826849763907374
0.9985353133888895
0.5455679956600311
0.9951397199343076
