0.3333333333333333
0.3333333333333333
0.3333333333333333
0.3333333333333333
0.3333333333333333
0.3333333333333333
0.3333333333333333
0.3333333333333333
0.3333333333333333
0.3333333333333333
0.3333333333333333
0.3333333333333333
0.3333333333333333
0.3333333333333333
0.3333333333333333
0.3333333333333333
0.3333333333333333
0.3333333333333333
0.5
0.5
0.3333333333333333
0.3333333333333333
0.3333333333333333
0.3333333333333333
0.3333333333333333
0.3333333333333333
0.4965068646521507
0.1328974492223983
0.5
0.5
0.00109585452011495
0.023092188788762638
0.3333333333333333
0.3333333333333333
0.0014080773921801109
0.23388034739705846
0.5
0.5
0.5
0.19255032078458506
0.3223127484618589
0.33131363009227427
0.3323250374850875
0.3306799232042538
0.3223127484618589
0.5
0.5
0.5
0.5
0.5
0.5
0.5
0.5
0.5
0.5
0.5
0.5
0.33864834186667636
0.3333333333333333
0.4202205132502405
0.33333333327846487
0.4973264672051802
0.3333333329035577
0.5
0.5
0.5
0.01307681733888353
0.0014646376135796944
0.1240047361965881
0.25
0.25
0.25
0.25
0.25
0.25
0.25
0.25
0.25
0.5
0.07151495399223898
0.5
0.3333333333333333
0.3333333333333333
0.03497811584926987
0.3333333333333333
0.3333333333333333
0.3333333333333333
0.5
0.23496120333407913
0.5
0.3333333333333333
0.3333333333333333
0.05053446349464076
0.3333333333333333
0.3333333333333333
0.3333333333333333
0.3333333333333333
0.3333333333333333
0.6272617023286361
0.875395834742662
0.6867333565764312
0.5904075453437192
0.3333333333333333
0.3942414689973909
0.6043413689785909
0.4243252789944787
0.5637907072604672
0.5
0.5
0.5
0.5
0.5
0.5
0.5
0.5
0.5
0.5
0.5
0.5
0.5
0.5
0.5
0.5
0.5
0.5
0.5
0.5
0.5
0.11937912904179264
0.661728043611981
0.6102339651444146
0.7802462171077814
