0.6619373171773851
0.5
0.5
0.5
0.5
0.5
0.5
0.5
0.49117021008942074
0.5
0.5801072265637901
0.9983104327758574
0.6575051814010371
0.9983757324187784
0.20962718403350455
0.22090516656244918
0.3333333333333333
0.3333333333333333
0.3333333333333333
0.3333333333333333
0.3333333333333333
0.3333333333333333
0.0010329550745764647
0.3167004550956906
0.04134302963844024
0.0011311380788402452
0.5
0.5
0.24412665458164712
0.22666434172855032
0.25113717810371416
0.5
0.5
0.5
0.5
0.5
0.5
0.5
0.5
0.5
0.5
0.5
0.5
0.5
0.5
0.5
0.5
0.5
0.5
0.0017128746320510724
0.9986789804969154
0.9736978663595929
0.516565838735785
0.2058060399365526
0.36503504773267587
0.3797067697473024
0.4455614900801444
