0.3333333333333333
0.3333333333333333
0.3333333333333333
0.3333333333333333
0.3333333333333333
0.3333333333333333
0.3333333333333333
0.3333333333333333
0.3333333333333333
0.3333333333333333
0.3333333333333333
0.3333333333333333
0.3333333333333333
0.3333333333333333
0.3333333333333333
0.3333333333333333
0.3333333333333333
0.3333333333333333
0.5
0.5
0.3333333333333333
0.3333333333333333
0.3333333333333333
0.3333333333333333
0.3333333333333333
0.3333333333333333
0.35366254032176714
0.39314640246323207
0.5
0.5
0.001980155213657654
0.3155803241526639
0.3333333333333333
0.3333333333333333
0.03730628895330022
0.01736363039128933
0.5
0.5
0.5
0.3333333333333333
0.290220722297948
0.1182111618896593
0.2986474120598615
0.28282203325361704
0.33006359750963127
0.5
0.5
0.5
0.5
0.5
0.5
0.5
0.5
0.5
0.5
0.5
0.5
0.45413020287396894
0.3333333347302519
0.36156081171198456
0.3333333333133269
0.39649493748002934
0.3333333333333333
0.5
0.5
0.5
0.04834881641039193
0.0014925588219554917
0.03673000135387483
0.25
0.25
0.25
0.25
0.25
0.25
0.25
0.25
0.25
0.5
0.46146195335172596
0.5
0.3333333333333333
0.3333333333333333
0.3294944417714524
0.33333333296420137
0.3333333333333333
0.3333333333333333
0.5
0.12847128969010388
0.5
0.3333333333333333
0.3333333333333333
0.0016015172840871178
0.3333333333333333
0.3333333333333333
0.3333333333333333
0.3333333333333333
0.3333333333333333
0.5962723595923376
0.7512697568731835
0.9981744969865102
0.3407261432187275
0.6577548048584854
0.35561771060134245
0.6099934170146292
0.4005316065786735
0.5977055179493638
0.5
0.5
0.5
0.5
0.5
0.5
0.5
0.5
0.5
0.5
0.5
0.5
0.5
0.5
0.5
0.5
0.5
0.5
0.5
0.5
0.5
0.01149612375099899
0.8014674057927337
0.8900094439178148
0.7509336449976207
