0.7811014986782352
0.5
0.5
0.5
0.5
0.5
0.5
0.5
0.22204161427243901
0.5
0.6830747879603705
0.7272290899269661
0.6567037690975057
0.998478345070865
0.3197168594700523
0.32937334924124545
0.3333333333333333
0.3333333333333333
0.3333333333333333
0.3333333333333333
0.5
0.37253103003409554
0.5
0.49999999985200366
0.27824955392484896
0.423840583172957
0.0019961520072655278
0.5
0.5
0.5
0.5
0.5
0.5
0.5
0.5
0.5
0.5
0.5
0.5
0.5
0.5
0.5
0.5
0.5
0.5
0.0013729359325483975
0.9864004165847763
0.9983882978893395
0.7394500656978054
