0.9493507620587518
0.5
0.5
0.5
0.5
0.5
0.5
0.5
0.3796478404709629
0.5
0.5391445307295527
0.9982121750496888
0.6617013391395656
0.9856347829470594
0.20114791639406115
0.30070097023381914
0.3333333333333333
0.3333333333333333
0.3333333333333333
0.3333333333333333
0.3333333333333333
0.3333333333333333
0.008748679723313557
0.0016772083667953553
0.001852423192891861
0.002658207904494605
0.5
0.5
0.004607086654144668
0.34654339333711803
0.48541445711181913
0.5
0.5
0.5
0.5
0.5
0.5
0.5
0.5
0.5
0.5
0.5
0.5
0.5
0.5
0.5
0.5
0.5
0.5
0.9984300276551167
0.9979203044814354
0.9285877338610404
0.34431882139401376
0.47889053528850084
0.13360002583139519
0.4456662608176361
